12948.08, 0.0, -45.22
12903.44, 0.0, -60.76
13012.84, 0.0, -78.58
12940.2, 0.0, -75.0
13000.4, 0.0, -34.96
12995.64, 0.0, -58.32
12922.4, 0.0, -98.88
12897.56, 0.0, -46.68
12985.96, 0.0, -65.66
12981.48, 0.0, -61.14
12973.96, 0.0, -64.2
12963.36, 0.0, -65.86
12970.2, 0.0, -46.7
12904.56, 0.0, -60.6
12953.08, 0.0, -81.48
12942.24, 0.0, -57.86
12973.0, 0.0, -63.56
12972.76, 0.0, -63.24
12970.08, 0.0, -56.0
12888.16, 0.0, -74.22
12987.12, 0.0, -60.12
12970.08, 0.0, -60.08
12987.72, 0.0, -66.04
12979.52, 0.0, -61.06
12978.6, 0.0, -69.2
12975.08, 0.0, -47.32
12918.92, 0.0, -74.72
12933.24, 0.0, -71.7
12981.72, 0.0, -58.74
12986.36, 0.0, -64.74
12996.48, 0.0, -61.4
12962.04, 0.0, -61.78
12859.76, 0.0, -57.06
13020.08, 0.0, -69.4
13002.32, 0.0, -61.66
13020.56, 0.0, -54.74
12930.36, 0.0, -92.64
12924.6, 0.0, -59.2
12966.2, 0.0, -64.0
12977.92, 0.0, -59.56
13002.32, 0.0, -57.1
12828.8, 0.0, -66.86
13021.64, 0.0, -74.92
12954.64, 0.0, -64.92
12996.8, 0.0, -63.08
12969.52, 0.0, -59.96
12900.08, 0.0, -52.38
12967.64, 0.0, -83.62
12959.16, 0.0, -62.5
12972.12, 0.0, -65.3
12971.04, 0.0, -64.3
12970.24, 0.0, -56.88
12910.72, 0.0, -77.2
12920.32, 0.0, -60.62
12997.68, 0.0, -62.52
12973.48, 0.0, -66.54
12974.48, 0.0, -66.26
12999.04, 0.0, -49.66
12896.2, 0.0, -86.36
12949.8, 0.0, -55.34
12952.52, 0.0, -65.46
12964.52, 0.0, -67.02
13049.28, 0.0, -47.54
12640.12, 0.0, -73.8
13126.76, 0.0, -70.22
12960.56, 0.0, -72.02
13015.12, 0.0, -61.94
12946.68, 0.0, -104.42
12934.04, 0.0, -55.48
13000.2, 0.0, -65.34
12971.24, 0.0, -63.76
12996.6, 0.0, -62.04
12916.28, 0.0, -62.34
12991.4, 0.0, -67.48
12989.12, 0.0, -72.8
12976.64, 0.0, -62.7
13012.12, 0.0, -47.74
12863.8, 0.0, -90.3
13017.48, 0.0, -57.92
12978.92, 0.0, -69.34
12994.48, 0.0, -58.28
12988.44, 0.0, -61.28
12921.92, 0.0, -83.66
13007.6, 0.0, -61.06
12989.68, 0.0, -69.04
12992.36, 0.0, -65.12
12981.72, 0.0, -68.28
12997.44, 0.0, -67.52
12984.68, 0.0, -64.98
12978.64, 0.0, -65.6
12989.28, 0.0, -67.52
12994.48, 0.0, -63.2
12995.08, 0.0, -67.52
12990.32, 0.0, -72.26
12992.6, 0.0, -58.22
12994.88, 0.0, -67.26
12999.48, 0.0, -66.0
12987.8, 0.0, -66.78
12990.32, 0.0, -65.84
12992.56, 0.0, -67.82
12991.56, 0.0, -66.02
12988.28, 0.0, -65.86
12999.32, 0.0, -66.2
12994.92, 0.0, -66.22
12990.32, 0.0, -65.36
12987.16, 0.0, -66.38
12993.8, 0.0, -66.96
12994.24, 0.0, -66.44
12988.88, 0.0, -66.52
12967.68, 0.0, -60.66
12888.24, 0.0, -86.48
13010.28, 0.0, -47.1
12963.48, 0.0, -73.22
12983.84, 0.0, -61.12
12983.88, 0.0, -57.88
12974.52, 0.0, -64.8
12966.88, 0.0, -65.28
12945.48, 0.0, -66.14
12947.16, 0.0, -67.28
12969.04, 0.0, -63.66
12886.32, 0.0, -95.68
13024.24, 0.0, -48.6
12966.72, 0.0, -73.64
13009.72, 0.0, -58.32
12978.04, 0.0, -50.84
12904.12, 0.0, -93.8
12989.48, 0.0, -60.38
12986.6, 0.0, -68.38
12995.44, 0.0, -65.66
12984.2, 0.0, -65.06
12982.32, 0.0, -66.88
13000.12, 0.0, -64.14
13000.48, 0.0, -68.18
12994.68, 0.0, -68.46
12997.04, 0.0, -73.5
12988.96, 0.0, -71.16
12988.2, 0.0, -68.24
12985.0, 0.0, -73.28
12988.12, 0.0, -61.22
12975.6, 0.0, -69.92
13002.92, 0.0, -63.7
12985.36, 0.0, -74.44
12989.08, 0.0, -60.54
13001.92, 0.0, -73.62
13285.76, 0.0, -186.32
11023.52, 0.0, 238.98
8028.0, 0.0, 171.54
8013.4, 0.0, 33.0
8279.0, 0.0, -27.28
8869.04, 0.0, -70.9
8492.4, 0.0, -63.82
8822.4, 0.0, -89.48
8932.88, 0.0, -66.1
8956.68, 0.0, -64.14
9082.88, 0.0, -69.7
9307.08, 0.0, -74.18
9463.04, 0.0, -54.72
9267.68, 0.0, -41.02
9198.44, 0.0, -64.56
9266.44, 0.0, -69.76
9286.6, 0.0, -61.88
9260.28, 0.0, -58.52
9251.16, 0.0, -57.06
9231.48, 0.0, -58.72
9224.88, 0.0, -65.16
9326.32, 0.0, -70.78
9350.68, 0.0, -64.44
9420.92, 0.0, -52.14
9498.0, 0.0, 37.64
9369.72, 0.0, -55.44
9053.56, 0.0, -46.7
8907.44, 0.0, -75.7
9224.48, 0.0, -76.74
9074.48, 0.0, -56.68
8971.28, 0.0, -63.24
8993.44, 0.0, -70.8
9067.32, 0.0, -68.6
9079.0, 0.0, -66.52
9071.76, 0.0, -58.02
8837.72, 0.0, -45.82
8675.84, 0.0, -57.72
8684.56, 0.0, -74.16
8802.68, 0.0, -78.7
8876.12, 0.0, -72.44
8918.68, 0.0, -71.74
8985.72, 0.0, -66.86
8958.04, 0.0, -69.74
8951.0, 0.0, -73.54
9158.2, 0.0, -84.72
9222.32, 0.0, -58.8
9159.2, 0.0, -69.96
9173.04, 0.0, -68.54
9094.84, 0.0, -52.98
8958.28, 0.0, -55.9
9052.92, 0.0, -72.62
9108.24, 0.0, -87.98
9235.36, 0.0, -67.16
9191.16, 0.0, -67.06
9252.96, 0.0, -73.34
9280.4, 0.0, -63.64
9231.84, 0.0, -80.06
9113.6, 0.0, -52.2
9047.84, 0.0, -48.68
9056.44, 0.0, -73.78
9173.8, 0.0, -85.48
9361.96, 0.0, -78.96
9330.4, 0.0, -61.94
9253.88, 0.0, -63.32
9269.96, 0.0, -73.18
9343.48, 0.0, -76.36
9488.88, 0.0, -64.2
9125.08, 0.0, -31.42
9073.04, 0.0, -44.44
7857.92, 0.0, 25.38
9517.04, 0.0, -76.54
9137.8, 0.0, -54.84
9476.28, 0.0, -73.72
9266.0, 0.0, -91.96
9549.88, 0.0, -67.22
9199.72, 0.0, 69.0
9396.52, 0.0, 403.3
9024.92, 0.0, 1130.46
9371.56, 0.0, 328.54
9074.68, 0.0, 429.68
9554.32, 0.0, 405.84
9085.56, 0.0, 1787.1
9225.0, 0.0, 744.3
9313.68, 0.0, 205.94
9875.68, 0.0, 87.22
9569.16, 0.0, -41.16
9256.84, 0.0, -76.72
9267.4, 0.0, -92.46
9096.24, 0.0, -83.48
9314.44, 0.0, -40.12
8719.8, 0.0, 42.88
9015.92, 0.0, -132.38
9725.92, 0.0, -77.54
9765.12, 0.0, -130.58
9756.16, 0.0, -126.3
9747.08, 0.0, 144.86
9499.24, 0.0, 209.14
9097.56, 0.0, -304.9
8944.28, 0.0, -1454.5
9425.76, 0.0, -1182.54
9430.28, 0.0, -568.14
9396.96, 0.0, -31.56
9393.68, 0.0, -284.28
9815.84, 0.0, -375.36
9326.12, 0.0, -1147.22
9394.24, 0.0, -1800.6
9638.52, 0.0, -2875.08
9916.76, 0.0, -2596.74
9612.64, 0.0, -2803.4
9856.48, 0.0, -3349.16
9951.32, 0.0, -2811.48
9874.64, 0.0, -2780.76
10046.92, 0.0, -2024.86
10268.4, 0.0, 1324.28
9629.24, 0.0, 2575.96
9523.44, 0.0, 3923.08
9858.84, 0.0, 6360.56
8992.4, 0.0, 6763.82
8734.52, 0.0, 4909.36
9905.56, 0.0, 6511.62
8661.44, 0.0, 7291.66
9697.24, 0.0, 5975.96
8707.32, 0.0, 4812.42
8050.12, 0.0, 488.06
9117.32, 0.0, -1520.98
9310.48, 0.0, -1254.3
9984.4, 0.0, -560.38
9524.92, 0.0, -231.24
9348.84, 0.0, 1021.02
8931.64, 0.0, 392.12
9066.32, 0.0, -47.56
9519.76, 0.0, -121.88
9241.4, 0.0, -24.0
9414.44, 0.0, -351.08
9665.32, 0.0, -235.06
9478.56, 0.0, -33.1
9433.2, 0.0, -126.8
9482.56, 0.0, -152.5
9576.92, 0.0, -25.36
9336.6, 0.0, -139.08
9299.8, 0.0, -124.78
9420.4, 0.0, -49.36
9081.0, 0.0, -57.94
9348.36, 0.0, 149.52
9177.84, 0.0, 73.9
9356.8, 0.0, 12.36
9276.64, 0.0, -220.3
9448.48, 0.0, -313.18
9661.52, 0.0, -57.5
9494.24, 0.0, -121.32
9440.84, 0.0, -24.32
9180.52, 0.0, -138.88
9568.04, 0.0, -51.56
9227.96, 0.0, -88.46
9478.6, 0.0, 9.78
9342.8, 0.0, -53.36
9490.48, 0.0, 1.98
9655.44, 0.0, -110.94
9413.2, 0.0, 23.44
9295.28, 0.0, -111.32
9672.64, 0.0, 66.28
9517.56, 0.0, -168.86
9453.4, 0.0, -228.34
9515.88, 0.0, -230.94
9619.72, 0.0, -120.58
9412.4, 0.0, -151.22
9326.84, 0.0, 1.82
9305.68, 0.0, 103.9
9430.72, 0.0, 60.04
9318.8, 0.0, -11.78
9465.72, 0.0, -100.98
9581.8, 0.0, -381.42
9873.08, 0.0, -452.64
9347.6, 0.0, -1340.94
9316.0, 0.0, -1786.72
9821.48, 0.0, -1341.7
9611.68, 0.0, -1275.18
9381.88, 0.0, -2395.62
9890.2, 0.0, -1289.86
9177.88, 0.0, -2378.54
9664.2, 0.0, -1735.56
9494.24, 0.0, -1182.28
9557.28, 0.0, -658.72
9323.88, 0.0, -526.84
9282.48, 0.0, -585.48
9221.16, 0.0, -289.22
9339.68, 0.0, 100.76
9180.72, 0.0, -28.68
9469.8, 0.0, -107.1
9284.36, 0.0, 34.04
9243.8, 0.0, -86.16
9171.28, 0.0, -304.14
9214.88, 0.0, -124.8
9245.2, 0.0, 110.92
9375.52, 0.0, 101.92
9231.68, 0.0, 19.58
9560.88, 0.0, 108.16
9261.84, 0.0, -69.72
9383.04, 0.0, -102.42
9563.28, 0.0, -158.02
9451.68, 0.0, -101.72
9399.72, 0.0, -287.36
9624.4, 0.0, -328.52
9644.4, 0.0, -158.32
9436.12, 0.0, -229.78
9781.08, 0.0, 218.1
9520.12, 0.0, -135.52
9506.76, 0.0, -449.04
9618.76, 0.0, -613.22
9732.32, 0.0, -773.52
9755.28, 0.0, -940.38
9699.04, 0.0, -1839.76
9582.6, 0.0, -2690.66
9920.44, 0.0, -1585.58
9805.2, 0.0, -1983.34
9914.12, 0.0, -1940.52
9815.76, 0.0, -1640.88
9679.24, 0.0, -788.58
9384.4, 0.0, -579.82
9592.24, 0.0, -426.14
9347.28, 0.0, -162.0
9533.84, 0.0, -46.14
9473.96, 0.0, -188.04
9388.36, 0.0, 122.28
9573.24, 0.0, 19.9
8856.16, 0.0, -198.06
9113.4, 0.0, -122.54
9794.84, 0.0, -252.16
9039.28, 0.0, -25.24
9458.96, 0.0, -84.02
9252.72, 0.0, -217.6
9415.68, 0.0, -136.88
9449.64, 0.0, -136.52
9533.84, 0.0, -114.1
9893.76, 0.0, -30.44
9627.0, 0.0, 56.84
9611.96, 0.0, 84.56
9684.0, 0.0, 78.22
9420.96, 0.0, -631.66
9662.88, 0.0, 23.44
9239.64, 0.0, -1702.22
10139.6, 0.0, -2875.22
10644.92, 0.0, -2478.4
10299.88, 0.0, -2954.12
10142.04, 0.0, -1858.62
9792.0, 0.0, -1384.8
10162.64, 0.0, -39.4
9283.8, 0.0, -76.8
9499.64, 0.0, 4.04
9091.48, 0.0, -575.16
9566.96, 0.0, -367.32
9609.04, 0.0, 11.36
9527.92, 0.0, -92.6
9469.8, 0.0, -247.26
9600.56, 0.0, -66.98
9226.32, 0.0, -137.02
9888.36, 0.0, 122.08
9751.76, 0.0, 9.54
9204.48, 0.0, -238.26
9942.08, 0.0, 255.9
9684.64, 0.0, -63.26
9663.52, 0.0, -21.8
9867.2, 0.0, -69.82
9640.8, 0.0, 214.1
9766.2, 0.0, 77.62
9564.28, 0.0, -316.24
9456.88, 0.0, -687.32
9827.6, 0.0, -312.48
9927.6, 0.0, 936.88
9669.16, 0.0, 1690.74
9237.28, 0.0, 2278.22
9353.88, 0.0, 2731.76
9199.04, 0.0, 1702.92
9265.68, 0.0, 1965.3
9402.6, 0.0, 2620.94
9120.12, 0.0, 2553.66
8909.28, 0.0, 2224.04
9562.96, 0.0, 1609.34
9003.2, 0.0, 881.86
8904.44, 0.0, -37.72
9505.6, 0.0, 3.3
9276.32, 0.0, 34.54
9269.44, 0.0, -30.68
9306.36, 0.0, -18.38
9486.16, 0.0, -166.84
9346.68, 0.0, -67.9
10053.96, 0.0, -241.16
9557.08, 0.0, -98.82
9680.4, 0.0, -13.78
9783.36, 0.0, 17.48
9424.76, 0.0, -129.6
9597.4, 0.0, -428.52
9891.24, 0.0, -268.12
9624.0, 0.0, -273.58
9689.04, 0.0, -438.66
9447.6, 0.0, -1872.88
9805.6, 0.0, -2809.12
10168.76, 0.0, -3218.32
10124.2, 0.0, -3047.0
10049.8, 0.0, -1725.8
9773.52, 0.0, -1191.48
9871.04, 0.0, -28.64
9379.72, 0.0, -104.52
9362.28, 0.0, -335.54
9494.72, 0.0, -107.9
9320.12, 0.0, 159.86
9368.12, 0.0, -222.96
9499.4, 0.0, -114.78
9621.2, 0.0, -148.52
9527.16, 0.0, -403.14
9810.84, 0.0, -210.28
9555.2, 0.0, -67.18
9588.56, 0.0, -136.16
9558.76, 0.0, 31.14
9341.6, 0.0, 252.5
9603.68, 0.0, 70.42
9486.56, 0.0, -120.74
9672.24, 0.0, -274.98
9811.84, 0.0, -96.54
9716.24, 0.0, -299.24
9576.16, 0.0, -788.22
9671.68, 0.0, -1516.68
9801.48, 0.0, -1658.22
9995.56, 0.0, -1980.28
9950.64, 0.0, -2091.14
9878.28, 0.0, -2275.1
9943.96, 0.0, -2544.72
9743.88, 0.0, -1859.28
9650.08, 0.0, -773.54
9315.48, 0.0, -267.0
9460.4, 0.0, 163.94
9355.08, 0.0, 147.36
9220.96, 0.0, 121.32
9349.12, 0.0, 252.88
9013.36, 0.0, -124.36
9031.48, 0.0, -199.6
9405.24, 0.0, -160.7
9425.4, 0.0, -175.78
9534.04, 0.0, -425.86
9612.08, 0.0, -786.8
9551.6, 0.0, -1617.64
9995.6, 0.0, -2299.7
10018.44, 0.0, -2609.42
9888.04, 0.0, -2562.9
9818.04, 0.0, -2477.16
9899.52, 0.0, -1055.16
9572.24, 0.0, -13.34
9501.84, 0.0, 108.7
9328.36, 0.0, -196.26
9386.16, 0.0, -136.2
9688.24, 0.0, -63.4
9487.76, 0.0, 173.24
9368.04, 0.0, 32.04
9277.16, 0.0, 72.94
9398.0, 0.0, -14.4
9415.44, 0.0, -123.04
9162.92, 0.0, -171.42
9549.6, 0.0, -167.12
9412.08, 0.0, -288.4
9756.48, 0.0, -303.46
9507.8, 0.0, -320.3
9945.0, 0.0, 227.8
9257.96, 0.0, 252.56
9036.88, 0.0, -313.4
9169.08, 0.0, -120.32
9940.76, 0.0, 272.82
8494.0, 0.0, -148.7
10047.96, 0.0, 239.06
9312.2, 0.0, 104.9
9164.72, 0.0, -161.06
9472.28, 0.0, -71.32
9546.36, 0.0, 111.28
9701.68, 0.0, 73.16
9278.92, 0.0, -569.98
9346.08, 0.0, -319.32
9588.88, 0.0, 49.64
9284.36, 0.0, 75.66
9557.56, 0.0, 53.52
9534.64, 0.0, -77.38
9725.28, 0.0, -52.78
8962.84, 0.0, -19.22
9418.96, 0.0, -339.76
9366.48, 0.0, -84.0
9800.2, 0.0, -87.18
9624.08, 0.0, -54.02
9367.12, 0.0, -69.78
9334.92, 0.0, 179.06
9658.0, 0.0, 708.18
9266.32, 0.0, 858.66
9313.44, 0.0, 861.48
9319.88, 0.0, 1292.44
9782.92, 0.0, 2711.34
9185.72, 0.0, 3156.58
9629.68, 0.0, 3909.52
8581.36, 0.0, 2540.96
9136.84, 0.0, 2025.12
9299.72, 0.0, 2117.5
8796.48, 0.0, 466.24
9103.16, 0.0, -278.12
9391.2, 0.0, -100.02
9228.44, 0.0, 30.86
9283.36, 0.0, -102.06
9383.0, 0.0, 20.46
9567.16, 0.0, -175.48
9225.24, 0.0, -163.78
9855.84, 0.0, 218.56
9574.68, 0.0, 66.36
9023.68, 0.0, 145.5
9487.08, 0.0, -170.42
9357.48, 0.0, -467.98
9307.52, 0.0, -105.72
9256.72, 0.0, -104.76
9301.52, 0.0, -79.0
9346.16, 0.0, 48.74
9037.6, 0.0, -7.58
9402.48, 0.0, 149.24
9190.84, 0.0, -134.32
9494.32, 0.0, -308.46
9684.72, 0.0, -37.02
9450.88, 0.0, -75.22
9433.56, 0.0, -103.5
9439.56, 0.0, -117.64
9344.32, 0.0, -185.4
9508.16, 0.0, -16.38
9780.2, 0.0, 102.44
9230.68, 0.0, -214.08
9596.24, 0.0, -251.48
9451.96, 0.0, -341.48
9550.56, 0.0, 159.02
9783.08, 0.0, 1693.22
9386.12, 0.0, 1438.48
8994.48, 0.0, 1041.54
9197.04, 0.0, 677.12
9333.44, 0.0, -43.54
9769.52, 0.0, 1055.58
8910.12, 0.0, 897.14
9123.84, 0.0, 400.16
9068.4, 0.0, 1092.8
9527.36, 0.0, 2026.76
8909.28, 0.0, 2103.42
9075.84, 0.0, 2483.82
9446.12, 0.0, 2347.36
8804.84, 0.0, 1907.52
8962.68, 0.0, 1096.2
9040.8, 0.0, 608.7
9165.0, 0.0, 1.58
9327.44, 0.0, -316.0
9325.96, 0.0, -217.42
9301.32, 0.0, -120.12
9424.8, 0.0, -63.96
9496.04, 0.0, 12.34
9583.52, 0.0, 98.02
9545.12, 0.0, 229.7
9327.6, 0.0, -91.32
9451.28, 0.0, -120.82
9463.4, 0.0, -246.84
9547.52, 0.0, -182.78
9572.0, 0.0, -258.72
9695.44, 0.0, -266.26
9829.4, 0.0, -114.9
9621.04, 0.0, 372.1
9328.92, 0.0, 851.48
9899.28, 0.0, 1533.38
9041.2, 0.0, 1972.84
8520.56, 0.0, 1566.18
9980.68, 0.0, 3266.76
8967.68, 0.0, 3526.76
9615.24, 0.0, 3422.64
9061.44, 0.0, 2591.2
7914.88, 0.0, 1058.24
9640.8, 0.0, 991.46
9015.64, 0.0, 603.76
9187.76, 0.0, -1.0
9326.08, 0.0, -480.14
9381.84, 0.0, -31.82
8888.16, 0.0, -210.6
9545.48, 0.0, -98.26
9342.44, 0.0, 102.18
9500.4, 0.0, 147.5
9435.88, 0.0, -9.08
9386.8, 0.0, -85.66
8819.2, 0.0, -418.36
10087.04, 0.0, 77.24
9384.92, 0.0, -248.56
9796.32, 0.0, 8.1
9579.56, 0.0, 113.28
9092.92, 0.0, -59.5
9608.4, 0.0, -55.24
9597.96, 0.0, -168.4
9778.24, 0.0, -88.78
9589.36, 0.0, 66.64
10010.84, 0.0, -17.78
9161.12, 0.0, -252.72
9442.4, 0.0, -161.64
9587.12, 0.0, -94.76
9563.0, 0.0, -77.16
9747.68, 0.0, -137.86
9872.0, 0.0, -154.12
9723.08, 0.0, -40.78
9639.08, 0.0, -142.36
9403.14, 0.0, -482.44
9677.96, 0.0, -1308.9
9706.92, 0.0, -2110.2
10086.88, 0.0, -2659.48
9947.92, 0.0, -2885.06
9872.52, 0.0, -2749.04
10049.04, 0.0, -1675.26
9724.36, 0.0, -837.58
9789.0, 0.0, 268.8
9755.08, 0.0, 1774.64
8873.6, 0.0, 805.24
9287.0, 0.0, -97.9
9589.2, 0.0, 779.3
9216.08, 0.0, -1180.34
9689.32, 0.0, -986.08
9756.24, 0.0, -222.26
9769.8, 0.0, -324.76
9778.36, 0.0, 245.22
8752.36, 0.0, -42.08
9006.4, 0.0, -129.68
8990.68, 0.0, -48.56
8210.32, 0.0, 106.28
7495.52, 0.0, -113.98
8985.2, 0.0, -181.94
8342.4, 0.0, -8.54
8586.24, 0.0, -69.04
8502.68, 0.0, -95.68
9233.32, 0.0, -110.86
10093.92, 0.0, -116.7
9909.16, 0.0, -40.1
9531.12, 0.0, -61.54
9937.0, 0.0, -78.72
9918.24, 0.0, -48.64
9834.76, 0.0, -59.96
9922.4, 0.0, -57.36
9833.96, 0.0, -61.94
9800.68, 0.0, -54.16
9728.8, 0.0, -51.56
9753.92, 0.0, -54.24
9618.24, 0.0, -49.54
9635.88, 0.0, -58.16
9535.68, 0.0, -50.74
9639.68, 0.0, -71.1
9780.68, 0.0, -73.72
9905.52, 0.0, -55.44
9907.24, 0.0, -51.4
9761.6, 0.0, -45.04
9614.6, 0.0, -44.46
9741.56, 0.0, -68.3
9617.28, 0.0, -34.64
9482.56, 0.0, -52.2
9458.6, 0.0, -57.06
9444.64, 0.0, -40.62
9120.56, 0.0, -41.3
9063.68, 0.0, -53.7
9166.88, 0.0, -62.02
9159.6, 0.0, -56.74
9171.44, 0.0, -64.8
9289.8, 0.0, -70.0
9446.36, 0.0, -74.52
9551.92, 0.0, -57.38
9478.12, 0.0, -59.4
9509.4, 0.0, -58.7
9527.68, 0.0, -64.9
9653.64, 0.0, -64.1
9669.36, 0.0, -53.44
9553.52, 0.0, -48.2
9469.4, 0.0, -59.0
9574.92, 0.0, -65.62
9559.48, 0.0, -68.04
9764.44, 0.0, -88.72
10042.4, 0.0, -75.06
10097.76, 0.0, -52.16
9959.0, 0.0, -52.8
9954.76, 0.0, -58.9
9946.56, 0.0, -59.02
9983.8, 0.0, -59.0
9982.72, 0.0, -55.56
9933.92, 0.0, -59.06
10014.92, 0.0, -63.14
10019.24, 0.0, -43.94
9798.16, 0.0, -55.56
9980.16, 0.0, -64.24
9931.16, 0.0, -50.94
9821.72, 0.0, -53.26
9817.28, 0.0, -54.46
9693.28, 0.0, -57.64
9755.32, 0.0, -57.66
9734.6, 0.0, -58.82
9791.76, 0.0, -61.98
9854.44, 0.0, -59.1
9892.96, 0.0, -57.38
9500.84, 0.0, -23.78
9488.88, 0.0, -69.82
9456.84, 0.0, -46.84
9394.24, 0.0, -60.86
9463.36, 0.0, -62.76
9506.0, 0.0, -66.16
9631.12, 0.0, -63.6
9662.96, 0.0, -69.32
9785.56, 0.0, -62.28
9882.96, 0.0, -64.98
9842.84, 0.0, -45.6
5060.48, 0.0, -12.22
