3386.28, 0.0, -10751.0
3383.12, 0.0, -10741.32
3382.08, 0.0, -10751.32
3387.96, 0.0, -10739.2
3386.88, 0.0, -10751.84
3383.68, 0.0, -10749.32
3384.64, 0.0, -10747.24
3379.8, 0.0, -10745.44
3388.12, 0.0, -10741.92
3382.96, 0.0, -10740.12
3382.08, 0.0, -10743.2
3389.56, 0.0, -10739.88
3385.68, 0.0, -10737.28
3387.0, 0.0, -10744.16
3383.28, 0.0, -10738.72
3386.36, 0.0, -10742.8
3389.64, 0.0, -10739.6
3383.08, 0.0, -10734.76
3384.64, 0.0, -10740.64
3384.28, 0.0, -10747.56
3387.4, 0.0, -10744.88
3387.12, 0.0, -10736.8
3391.32, 0.0, -10734.32
3387.84, 0.0, -10745.04
3392.4, 0.0, -10742.96
3391.0, 0.0, -10733.92
3388.6, 0.0, -10739.56
3385.52, 0.0, -10737.76
3387.44, 0.0, -10741.24
3384.84, 0.0, -10739.0
3382.48, 0.0, -10735.4
3384.04, 0.0, -10745.84
3380.24, 0.0, -10729.12
3381.72, 0.0, -10740.52
3390.52, 0.0, -10741.68
3384.44, 0.0, -10731.72
3383.12, 0.0, -10745.36
3389.88, 0.0, -10731.08
3382.6, 0.0, -10731.88
3387.16, 0.0, -10738.12
3381.72, 0.0, -10737.4
3385.0, 0.0, -10738.96
3381.36, 0.0, -10740.64
3378.96, 0.0, -10739.12
3385.08, 0.0, -10730.0
3381.32, 0.0, -10741.72
3389.88, 0.0, -10737.12
3388.12, 0.0, -10736.08
3388.76, 0.0, -10737.72
3383.72, 0.0, -10743.72
3385.0, 0.0, -10732.36
3386.16, 0.0, -10737.96
3379.44, 0.0, -10725.84
3386.88, 0.0, -10737.8
3380.68, 0.0, -10738.4
3391.28, 0.0, -10731.6
3386.84, 0.0, -10735.08
3388.2, 0.0, -10741.08
3383.36, 0.0, -10736.2
3385.04, 0.0, -10736.72
3386.28, 0.0, -10735.56
3388.76, 0.0, -10736.2
3384.8, 0.0, -10730.8
3385.6, 0.0, -10735.36
3386.88, 0.0, -10737.92
3382.32, 0.0, -10736.2
3378.92, 0.0, -10726.24
3385.28, 0.0, -10740.0
3383.84, 0.0, -10737.48
3382.96, 0.0, -10733.56
3386.36, 0.0, -10735.96
3387.84, 0.0, -10736.12
3386.44, 0.0, -10736.8
3383.64, 0.0, -10729.92
3382.6, 0.0, -10732.48
3384.56, 0.0, -10735.04
3384.04, 0.0, -10726.68
3392.88, 0.0, -10740.0
3383.16, 0.0, -10734.0
3384.28, 0.0, -10731.36
3381.6, 0.0, -10730.88
3385.72, 0.0, -10733.92
3386.28, 0.0, -10729.44
3387.76, 0.0, -10735.32
3390.2, 0.0, -10731.2
3385.04, 0.0, -10740.16
3386.88, 0.0, -10730.64
3388.24, 0.0, -10728.92
3385.24, 0.0, -10731.6
3391.96, 0.0, -10732.84
3384.76, 0.0, -10731.72
3382.48, 0.0, -10733.72
3384.08, 0.0, -10736.36
3380.96, 0.0, -10730.64
3381.92, 0.0, -10735.52
3383.44, 0.0, -10734.32
3384.56, 0.0, -10738.52
3379.36, 0.0, -10730.36
3388.48, 0.0, -10730.24
3389.2, 0.0, -10736.48
3381.72, 0.0, -10728.44
3391.12, 0.0, -10733.72
3382.44, 0.0, -10728.8
3390.04, 0.0, -10727.88
3383.52, 0.0, -10733.32
3383.56, 0.0, -10729.88
3385.48, 0.0, -10732.24
3386.4, 0.0, -10734.8
3379.68, 0.0, -10726.16
3397.68, 0.0, -10730.96
3389.28, 0.0, -10728.12
3387.92, 0.0, -10733.8
3388.68, 0.0, -10735.12
3384.24, 0.0, -10729.96
3381.32, 0.0, -10728.84
3389.56, 0.0, -10734.44
3453.96, 0.0, -10775.4
3476.24, 0.0, -10760.32
3462.52, 0.0, -10731.64
3561.32, 0.0, -10771.8
3552.76, 0.0, -10760.0
3568.96, 0.0, -10766.92
3574.08, 0.0, -10762.0
3542.16, 0.0, -10752.76
3547.72, 0.0, -10760.68
3512.8, 0.0, -10754.64
3529.68, 0.0, -10747.08
3527.12, 0.0, -10740.32
3584.96, 0.0, -10774.6
3369.32, 0.0, -10758.84
3613.44, 0.0, -10746.64
3516.16, 0.0, -10757.2
3488.72, 0.0, -10760.52
3481.08, 0.0, -10762.6
3471.4, 0.0, -10749.24
3446.12, 0.0, -10751.4
3453.96, 0.0, -10748.04
3470.12, 0.0, -10751.44
3459.6, 0.0, -10752.12
3460.76, 0.0, -10748.16
3453.84, 0.0, -10758.64
3468.84, 0.0, -10752.0
3452.0, 0.0, -10747.8
3455.84, 0.0, -10757.6
3479.2, 0.0, -10754.44
3426.84, 0.0, -10763.12
3472.2, 0.0, -10747.28
3457.16, 0.0, -10762.64
3459.4, 0.0, -10760.8
3440.4, 0.0, -10759.8
3474.12, 0.0, -10753.16
3512.44, 0.0, -10714.72
3610.48, 0.0, -10689.44
3440.28, 0.0, -10756.36
3445.08, 0.0, -10747.12
3453.16, 0.0, -10737.28
3442.92, 0.0, -10736.44
3412.52, 0.0, -10767.72
3609.92, 0.0, -10698.68
4474.44, 0.0, -10818.6
5611.6, 0.0, -10831.44
6345.04, 0.0, -10772.6
6948.56, 0.0, -10810.52
7014.84, 0.0, -10802.6
6430.76, 0.0, -10739.28
5915.32, 0.0, -10819.8
5953.2, 0.0, -10641.72
5860.92, 0.0, -10948.44
5888.68, 0.0, -10788.12
5984.4, 0.0, -10751.72
6401.56, 0.0, -10878.68
6664.76, 0.0, -10817.04
6803.48, 0.0, -10799.16
6627.96, 0.0, -10671.36
6206.8, 0.0, -10753.28
6765.24, 0.0, -10706.12
7226.4, 0.0, -10722.6
7238.8, 0.0, -10722.28
7156.24, 0.0, -10825.64
7246.2, 0.0, -10759.36
6879.4, 0.0, -10635.96
7381.04, 0.0, -10853.0
7448.92, 0.0, -10743.12
7378.68, 0.0, -10701.6
7401.64, 0.0, -10762.64
6976.2, 0.0, -10700.84
6878.84, 0.0, -10948.36
7198.52, 0.0, -10795.56
7013.56, 0.0, -10796.16
7193.0, 0.0, -10806.12
7094.4, 0.0, -10785.6
7015.76, 0.0, -10740.16
7133.64, 0.0, -10870.4
7094.32, 0.0, -10775.12
6186.6, 0.0, -10846.16
6219.84, 0.0, -10773.52
6471.64, 0.0, -10773.08
7464.56, 0.0, -10825.4
7565.48, 0.0, -10797.76
7947.4, 0.0, -10797.12
7016.12, 0.0, -10765.12
5269.12, 0.0, -10772.16
6074.52, 0.0, -10776.24
6226.08, 0.0, -10795.24
6228.28, 0.0, -10775.52
6095.88, 0.0, -10775.76
6131.12, 0.0, -10768.76
6245.68, 0.0, -10783.44
6227.64, 0.0, -10764.16
6185.56, 0.0, -10765.08
6202.28, 0.0, -10772.2
6204.32, 0.0, -10769.44
6203.64, 0.0, -10767.04
6199.84, 0.0, -10742.28
6174.44, 0.0, -10780.6
6126.04, 0.0, -10715.84
6252.96, 0.0, -10759.08
6089.88, 0.0, -10768.76
6052.96, 0.0, -10757.68
6537.44, 0.0, -10739.32
5600.0, 0.0, -10711.84
6285.12, 0.0, -10683.48
6912.44, 0.0, -10754.12
7561.12, 0.0, -10536.2
6617.2, 0.0, -10575.36
6491.68, 0.0, -10567.36
5764.44, 0.0, -10556.56
6047.76, 0.0, -10573.48
5093.0, 0.0, -10543.6
5035.48, 0.0, -10531.32
5454.72, 0.0, -10540.4
5959.2, 0.0, -10549.52
5817.16, 0.0, -10551.36
5744.92, 0.0, -10547.68
6048.84, 0.0, -10568.16
5983.48, 0.0, -10548.72
5995.72, 0.0, -10422.16
5928.28, 0.0, -10796.48
5970.48, 0.0, -10190.64
7871.28, 0.0, -9394.12
6809.08, 0.0, -8961.96
7394.24, 0.0, -8465.04
6059.8, 0.0, -8770.72
5327.44, 0.0, -8490.44
6917.52, 0.0, -8898.72
6875.68, 0.0, -8836.04
5857.12, 0.0, -9229.8
6931.08, 0.0, -9675.52
7367.16, 0.0, -9715.04
6951.32, 0.0, -9615.88
6852.84, 0.0, -9386.64
6621.44, 0.0, -9825.92
6698.6, 0.0, -9471.0
6703.32, 0.0, -9487.92
6397.2, 0.0, -9403.24
6292.84, 0.0, -10175.6
6645.6, 0.0, -10776.92
6354.4, 0.0, -10836.76
6287.48, 0.0, -10048.64
6236.76, 0.0, -9927.2
6505.24, 0.0, -9935.2
6546.76, 0.0, -9789.76
6558.24, 0.0, -9984.72
6637.04, 0.0, -10647.16
5846.48, 0.0, -10519.36
5796.6, 0.0, -11235.68
6055.52, 0.0, -12022.36
6473.84, 0.0, -12179.76
5974.96, 0.0, -11773.6
6000.72, 0.0, -11349.0
6255.84, 0.0, -10607.96
6248.92, 0.0, -9854.2
6350.72, 0.0, -9635.36
6149.4, 0.0, -9146.24
6076.76, 0.0, -9607.96
6259.88, 0.0, -9064.24
6865.44, 0.0, -9173.0
6761.28, 0.0, -9356.2
6705.4, 0.0, -9321.36
6889.92, 0.0, -9251.76
6827.44, 0.0, -9162.16
6859.6, 0.0, -9147.84
6864.36, 0.0, -9170.52
6702.56, 0.0, -8966.44
6589.84, 0.0, -9184.04
6866.48, 0.0, -9109.48
7000.44, 0.0, -9147.72
6813.56, 0.0, -9092.0
6702.6, 0.0, -9305.6
6652.2, 0.0, -9210.48
6657.12, 0.0, -9235.04
6612.04, 0.0, -9232.4
6807.04, 0.0, -9294.12
6887.4, 0.0, -9312.8
6758.04, 0.0, -9383.84
6670.0, 0.0, -9357.8
6580.48, 0.0, -9313.0
6564.24, 0.0, -9129.16
6844.44, 0.0, -9530.28
6760.76, 0.0, -9417.52
6705.28, 0.0, -9412.28
6622.44, 0.0, -9679.24
6524.48, 0.0, -10199.72
6290.2, 0.0, -10585.88
6488.72, 0.0, -10611.4
6294.16, 0.0, -10935.84
6228.6, 0.0, -10816.08
6584.52, 0.0, -10733.6
6637.16, 0.0, -10166.0
6643.96, 0.0, -10340.88
6774.68, 0.0, -10039.0
6988.88, 0.0, -9755.68
6424.6, 0.0, -10999.24
6378.2, 0.0, -10072.64
6605.32, 0.0, -11099.72
6581.56, 0.0, -10639.4
6083.12, 0.0, -9778.96
7030.88, 0.0, -9884.8
6598.32, 0.0, -9582.72
7099.72, 0.0, -9677.92
6990.08, 0.0, -10767.68
6456.52, 0.0, -12105.16
5610.32, 0.0, -11230.6
5658.28, 0.0, -9449.16
6503.0, 0.0, -9213.16
6670.6, 0.0, -9895.52
5343.68, 0.0, -8669.28
7185.6, 0.0, -9242.64
6959.88, 0.0, -9192.6
6729.04, 0.0, -9308.64
7085.32, 0.0, -9122.52
6659.36, 0.0, -9600.32
6816.32, 0.0, -10909.04
6145.88, 0.0, -10563.88
6888.6, 0.0, -9752.0
6655.6, 0.0, -9298.2
6554.24, 0.0, -10095.4
6808.28, 0.0, -9330.8
6655.24, 0.0, -9138.68
7474.44, 0.0, -8981.52
6924.36, 0.0, -8731.64
6672.48, 0.0, -8957.08
7081.0, 0.0, -9109.4
6936.76, 0.0, -9027.88
6543.32, 0.0, -9129.2
6883.36, 0.0, -9227.8
6782.64, 0.0, -9024.88
6855.36, 0.0, -9069.44
6821.28, 0.0, -9251.2
6966.44, 0.0, -9179.8
6820.08, 0.0, -9209.2
6552.08, 0.0, -9254.6
7170.56, 0.0, -9340.44
7074.04, 0.0, -9275.04
6320.8, 0.0, -10070.56
6209.28, 0.0, -10961.2
6028.8, 0.0, -12375.56
5734.6, 0.0, -12711.2
5769.76, 0.0, -12578.04
5832.32, 0.0, -11483.84
6963.32, 0.0, -10257.2
6249.88, 0.0, -10855.76
4896.08, 0.0, -12768.44
5429.52, 0.0, -10594.76
6051.84, 0.0, -9699.56
6202.76, 0.0, -9816.16
5488.16, 0.0, -9734.0
5754.32, 0.0, -9604.48
6376.56, 0.0, -9797.8
6387.28, 0.0, -9761.76
6161.12, 0.0, -9760.04
5803.24, 0.0, -9811.68
5990.56, 0.0, -9607.28
6664.84, 0.0, -7743.84
7310.56, 0.0, -7794.12
6866.68, 0.0, -7083.6
7478.0, 0.0, -7081.0
7219.8, 0.0, -7440.96
7729.56, 0.0, -7861.24
6871.24, 0.0, -8719.52
6908.44, 0.0, -7696.92
6708.44, 0.0, -8025.6
7144.4, 0.0, -9158.92
7317.44, 0.0, -8887.52
6618.68, 0.0, -8631.0
7164.68, 0.0, -8794.2
6960.8, 0.0, -8744.92
6800.48, 0.0, -8978.88
7044.68, 0.0, -9043.24
6948.12, 0.0, -8944.16
6862.56, 0.0, -8989.64
6984.56, 0.0, -9153.28
6962.68, 0.0, -8888.2
6407.72, 0.0, -10355.08
6258.36, 0.0, -10709.76
6366.24, 0.0, -10725.0
6279.04, 0.0, -10319.12
6859.0, 0.0, -9673.2
6452.36, 0.0, -9549.36
6893.16, 0.0, -9652.28
6444.6, 0.0, -9429.2
6953.96, 0.0, -9469.56
6771.68, 0.0, -9381.36
6697.0, 0.0, -9410.8
6598.6, 0.0, -9475.88
6606.88, 0.0, -9869.96
6325.4, 0.0, -10314.0
6125.28, 0.0, -10848.76
6192.88, 0.0, -10688.64
6102.48, 0.0, -10749.76
6680.8, 0.0, -10557.88
6521.88, 0.0, -9683.36
6952.16, 0.0, -9001.16
7061.52, 0.0, -9310.08
6230.24, 0.0, -9004.76
7079.48, 0.0, -9245.96
6233.0, 0.0, -10156.84
6235.2, 0.0, -11465.0
6492.16, 0.0, -11579.28
6086.12, 0.0, -10992.96
6292.04, 0.0, -10133.4
6284.12, 0.0, -9863.12
5655.08, 0.0, -9142.64
5947.88, 0.0, -8977.44
7246.6, 0.0, -9026.36
6626.32, 0.0, -9143.4
6704.08, 0.0, -9297.56
6413.16, 0.0, -10747.36
6288.76, 0.0, -11087.72
6162.04, 0.0, -11743.16
5906.16, 0.0, -12170.04
5996.24, 0.0, -11330.24
6047.92, 0.0, -9660.48
6577.72, 0.0, -11438.44
6920.28, 0.0, -9251.6
7189.36, 0.0, -8759.04
6336.08, 0.0, -8780.84
7133.28, 0.0, -8767.64
7271.04, 0.0, -8870.76
6776.08, 0.0, -8757.96
7064.2, 0.0, -9249.0
6869.64, 0.0, -9294.32
6826.88, 0.0, -9113.64
6815.92, 0.0, -9338.84
6822.24, 0.0, -9270.24
6783.28, 0.0, -9508.36
6698.72, 0.0, -9487.0
6806.64, 0.0, -9391.44
6454.8, 0.0, -10250.84
6484.68, 0.0, -10678.2
6424.36, 0.0, -11080.4
6104.0, 0.0, -11405.04
5788.0, 0.0, -12451.32
5677.64, 0.0, -12700.08
5825.84, 0.0, -12657.24
6754.08, 0.0, -11817.48
6145.8, 0.0, -10258.92
6455.44, 0.0, -10263.8
6848.08, 0.0, -8769.88
6802.32, 0.0, -8620.76
6895.32, 0.0, -8822.6
6935.84, 0.0, -9078.76
6999.08, 0.0, -9239.8
7091.04, 0.0, -9512.4
7123.56, 0.0, -9366.92
7075.92, 0.0, -9305.2
7062.84, 0.0, -9232.68
6517.64, 0.0, -9622.84
6373.92, 0.0, -9851.48
6934.44, 0.0, -9905.32
6644.6, 0.0, -9999.4
6614.44, 0.0, -10057.4
6861.04, 0.0, -9496.4
6777.76, 0.0, -9501.28
6908.56, 0.0, -9559.68
6927.28, 0.0, -9739.48
6650.52, 0.0, -9686.0
6394.12, 0.0, -10066.08
6418.24, 0.0, -10859.72
6461.32, 0.0, -10674.16
6344.92, 0.0, -10808.92
6130.92, 0.0, -11171.08
6160.44, 0.0, -11027.2
6774.44, 0.0, -10783.0
6234.64, 0.0, -11691.44
6140.84, 0.0, -11536.56
6106.76, 0.0, -11899.2
6168.92, 0.0, -11424.56
6174.56, 0.0, -11051.2
5528.6, 0.0, -10229.96
5296.44, 0.0, -9346.68
6449.36, 0.0, -10996.04
5764.6, 0.0, -12183.68
6243.2, 0.0, -12829.72
6276.32, 0.0, -11847.64
5763.96, 0.0, -11370.48
5531.6, 0.0, -10754.16
5824.84, 0.0, -10012.56
5811.52, 0.0, -9805.28
5837.84, 0.0, -9516.96
6499.48, 0.0, -10340.92
5863.52, 0.0, -11002.72
6515.4, 0.0, -10953.44
7236.64, 0.0, -10482.04
7641.28, 0.0, -9852.2
7625.0, 0.0, -9386.36
7328.08, 0.0, -9232.52
7040.2, 0.0, -9234.2
6857.96, 0.0, -9343.8
6820.0, 0.0, -9306.72
6860.68, 0.0, -9466.08
6865.68, 0.0, -9681.4
6779.48, 0.0, -9332.92
7063.84, 0.0, -10289.6
6537.8, 0.0, -10526.8
6680.84, 0.0, -11158.72
5778.92, 0.0, -10650.56
6125.92, 0.0, -10486.6
6258.48, 0.0, -10919.28
6429.68, 0.0, -10816.16
6145.52, 0.0, -10511.88
6347.36, 0.0, -10521.76
6744.88, 0.0, -11328.04
6133.8, 0.0, -11155.56
6117.2, 0.0, -11610.12
6031.56, 0.0, -11883.52
5941.76, 0.0, -12337.6
6269.12, 0.0, -11667.52
5830.44, 0.0, -10344.52
5880.2, 0.0, -10620.6
6306.6, 0.0, -9715.28
6521.32, 0.0, -10248.44
7370.92, 0.0, -9763.24
8050.28, 0.0, -9302.2
7085.16, 0.0, -9335.08
6567.48, 0.0, -10712.4
6966.68, 0.0, -10643.16
7139.84, 0.0, -11395.84
5963.32, 0.0, -10760.76
6355.52, 0.0, -10249.44
5751.84, 0.0, -11029.08
5887.08, 0.0, -12470.0
5337.2, 0.0, -11835.04
5919.8, 0.0, -10941.88
6549.36, 0.0, -9706.88
7167.48, 0.0, -9635.68
7305.0, 0.0, -10263.88
5164.52, 0.0, -10560.28
5395.88, 0.0, -10899.88
6559.16, 0.0, -10729.12
7307.4, 0.0, -10412.72
7081.8, 0.0, -9985.96
6364.88, 0.0, -9283.52
6187.12, 0.0, -9975.68
5893.2, 0.0, -10821.84
6774.92, 0.0, -11074.16
6395.52, 0.0, -10387.0
6884.76, 0.0, -10646.96
5567.24, 0.0, -10002.44
6075.84, 0.0, -9121.2
6529.76, 0.0, -9071.28
6985.8, 0.0, -9064.84
6566.24, 0.0, -9048.08
6747.72, 0.0, -9207.68
6831.4, 0.0, -9234.32
7020.76, 0.0, -9200.68
7050.76, 0.0, -9432.48
5979.2, 0.0, -9262.04
7165.24, 0.0, -9218.92
7328.52, 0.0, -9296.92
6899.32, 0.0, -9172.6
6863.72, 0.0, -9067.88
6972.12, 0.0, -9261.04
6933.0, 0.0, -9311.84
6660.44, 0.0, -9151.92
6350.16, 0.0, -9808.48
6906.12, 0.0, -9480.84
6782.6, 0.0, -9235.36
6916.96, 0.0, -9484.16
6704.36, 0.0, -9330.44
6689.56, 0.0, -9463.44
6703.4, 0.0, -9553.92
6643.84, 0.0, -9220.52
6825.04, 0.0, -9599.44
6750.04, 0.0, -9472.6
6808.48, 0.0, -9512.92
6703.56, 0.0, -9597.04
6785.72, 0.0, -9637.56
6763.52, 0.0, -9628.4
6645.64, 0.0, -9613.8
6472.72, 0.0, -9867.4
7098.6, 0.0, -9498.08
6679.24, 0.0, -10711.2
5740.12, 0.0, -10613.96
6651.76, 0.0, -10883.52
6413.56, 0.0, -10246.0
6442.6, 0.0, -9822.52
6754.52, 0.0, -9675.24
6782.96, 0.0, -9612.48
6710.96, 0.0, -9660.24
6522.4, 0.0, -10237.8
6143.32, 0.0, -11186.28
6342.76, 0.0, -11722.0
6172.8, 0.0, -12365.84
5843.12, 0.0, -12216.76
6173.88, 0.0, -11821.92
5471.16, 0.0, -9163.56
6769.72, 0.0, -11150.96
5910.92, 0.0, -9773.0
5851.68, 0.0, -9412.04
6233.88, 0.0, -9155.12
6888.32, 0.0, -9201.4
7042.92, 0.0, -9353.8
7261.0, 0.0, -9264.12
6949.64, 0.0, -9362.52
7015.92, 0.0, -9241.36
6968.44, 0.0, -9237.24
7156.32, 0.0, -9493.76
5990.96, 0.0, -9060.0
6746.12, 0.0, -9586.48
8359.76, 0.0, -10010.36
5235.36, 0.0, -9487.04
6276.76, 0.0, -10623.44
8194.2, 0.0, -8901.24
6126.12, 0.0, -9041.6
7076.6, 0.0, -9587.6
6932.04, 0.0, -9156.6
6986.68, 0.0, -9507.32
6800.76, 0.0, -9049.52
6823.64, 0.0, -9163.92
6746.2, 0.0, -9324.84
6935.92, 0.0, -9167.28
6756.04, 0.0, -9223.88
6934.4, 0.0, -9573.32
6733.48, 0.0, -9371.76
6695.92, 0.0, -10441.56
6546.24, 0.0, -9794.2
6694.8, 0.0, -9612.28
6621.92, 0.0, -9267.16
6888.64, 0.0, -9715.96
6483.08, 0.0, -10373.52
6180.72, 0.0, -11060.56
6205.04, 0.0, -12031.28
5883.72, 0.0, -12150.44
6267.0, 0.0, -11213.0
6406.88, 0.0, -10368.72
6617.92, 0.0, -10072.32
5732.36, 0.0, -9729.56
6557.64, 0.0, -9638.88
6252.56, 0.0, -9525.04
5894.28, 0.0, -9100.12
6097.92, 0.0, -9262.36
7314.68, 0.0, -9430.08
6970.92, 0.0, -9232.84
6711.88, 0.0, -9314.52
6815.68, 0.0, -9429.68
6835.12, 0.0, -9499.76
6759.68, 0.0, -9210.64
6606.24, 0.0, -10073.76
6368.12, 0.0, -10863.64
5992.44, 0.0, -11105.4
5732.76, 0.0, -11969.0
5347.36, 0.0, -13408.28
5344.44, 0.0, -13788.28
6337.12, 0.0, -11741.52
6381.76, 0.0, -9553.0
6385.44, 0.0, -11190.72
6559.6, 0.0, -9462.6
7409.24, 0.0, -8871.92
6415.0, 0.0, -9077.04
7122.28, 0.0, -8846.68
7305.56, 0.0, -8826.28
6922.96, 0.0, -9052.32
6993.76, 0.0, -8984.48
6911.72, 0.0, -9078.52
7022.16, 0.0, -9101.44
6831.04, 0.0, -9303.96
6771.96, 0.0, -9126.28
6773.8, 0.0, -9414.68
6927.28, 0.0, -9498.72
7016.2, 0.0, -9391.28
6941.76, 0.0, -9284.92
6880.96, 0.0, -9459.92
6513.52, 0.0, -9935.2
6298.64, 0.0, -10698.04
6280.52, 0.0, -10838.08
6363.92, 0.0, -10985.92
6420.16, 0.0, -10640.2
6148.8, 0.0, -11095.32
6055.84, 0.0, -11328.6
5825.08, 0.0, -11383.44
6325.56, 0.0, -11343.88
6277.6, 0.0, -11204.68
6114.6, 0.0, -11025.56
6259.04, 0.0, -11013.32
6027.56, 0.0, -10887.44
6138.04, 0.0, -11354.24
6646.36, 0.0, -10856.2
6479.48, 0.0, -11063.36
6715.44, 0.0, -10994.08
7382.96, 0.0, -10342.24
7475.64, 0.0, -9797.24
7775.28, 0.0, -9327.92
7863.2, 0.0, -9100.64
6847.04, 0.0, -9234.4
6428.84, 0.0, -9236.72
6732.88, 0.0, -9231.84
6709.6, 0.0, -9314.88
6327.08, 0.0, -10438.24
6282.0, 0.0, -11121.64
6507.88, 0.0, -10803.08
6552.08, 0.0, -10788.68
6288.4, 0.0, -10964.28
6177.24, 0.0, -11155.64
6246.64, 0.0, -11465.88
6576.8, 0.0, -11753.12
6368.0, 0.0, -11622.24
6083.88, 0.0, -11321.8
5493.36, 0.0, -9894.2
6423.4, 0.0, -10114.8
6064.32, 0.0, -9555.4
5406.52, 0.0, -9184.32
7025.96, 0.0, -9387.72
7323.84, 0.0, -9350.4
6714.84, 0.0, -9348.72
6525.8, 0.0, -9310.24
7155.88, 0.0, -9397.84
6551.44, 0.0, -9333.8
6867.08, 0.0, -9537.04
6939.2, 0.0, -9665.56
6285.6, 0.0, -9469.24
6688.44, 0.0, -9490.28
6732.32, 0.0, -9469.24
6746.04, 0.0, -9710.76
6685.2, 0.0, -9397.08
6788.16, 0.0, -9878.84
6412.32, 0.0, -9312.64
6290.88, 0.0, -9675.12
6802.28, 0.0, -9839.68
6956.4, 0.0, -9621.56
6878.16, 0.0, -9802.36
6921.04, 0.0, -9607.4
7663.2, 0.0, -11292.88
4569.96, 0.0, -10207.68
6441.48, 0.0, -10416.6
8243.68, 0.0, -9759.76
6118.76, 0.0, -10224.64
5412.64, 0.0, -9877.44
8194.52, 0.0, -9787.2
5800.28, 0.0, -10037.04
5896.64, 0.0, -9903.0
7717.76, 0.0, -9782.08
6366.96, 0.0, -9654.88
6760.32, 0.0, -9722.8
6732.96, 0.0, -9757.24
6620.24, 0.0, -9894.0
6225.28, 0.0, -10507.56
6149.88, 0.0, -10644.24
6395.0, 0.0, -10974.4
6284.24, 0.0, -10693.08
6182.0, 0.0, -10651.12
6319.04, 0.0, -10722.24
6286.8, 0.0, -10725.8
6324.4, 0.0, -10992.6
6035.64, 0.0, -10587.88
5450.84, 0.0, -13725.04
5168.52, 0.0, -14119.88
6268.96, 0.0, -11732.16
6226.04, 0.0, -10390.8
6615.04, 0.0, -10081.12
6656.84, 0.0, -9953.64
6055.36, 0.0, -10161.48
5887.8, 0.0, -10797.0
7899.52, 0.0, -11055.4
6572.56, 0.0, -10198.32
6502.16, 0.0, -11660.12
5435.96, 0.0, -9510.52
5951.88, 0.0, -9384.36
5491.56, 0.0, -8651.64
6775.92, 0.0, -9929.8
7866.64, 0.0, -9172.6
7852.72, 0.0, -8967.52
6725.32, 0.0, -9164.68
6366.52, 0.0, -9211.44
6756.24, 0.0, -9290.28
6875.92, 0.0, -9407.24
6180.68, 0.0, -10935.68
6045.0, 0.0, -12029.84
6042.88, 0.0, -11584.16
6481.92, 0.0, -11846.76
6730.08, 0.0, -12967.44
4381.72, 0.0, -12008.92
3861.04, 0.0, -11731.12
6722.84, 0.0, -11932.16
7094.76, 0.0, -11249.76
6340.68, 0.0, -11473.16
4214.64, 0.0, -13150.48
5824.08, 0.0, -9667.64
6075.4, 0.0, -9807.76
6255.08, 0.0, -9729.76
5970.92, 0.0, -9719.72
6214.24, 0.0, -9612.16
6219.12, 0.0, -9667.28
6068.36, 0.0, -9739.28
6168.68, 0.0, -9577.04
6328.36, 0.0, -9696.72
6418.92, 0.0, -9656.32
6130.2, 0.0, -9652.56
6195.44, 0.0, -9732.2
6480.16, 0.0, -9627.84
5965.12, 0.0, -9780.2
6224.68, 0.0, -9573.68
6280.96, 0.0, -9700.64
6122.88, 0.0, -9686.4
6216.32, 0.0, -9623.16
6260.16, 0.0, -9728.8
6269.56, 0.0, -9622.2
6248.84, 0.0, -9665.92
7025.88, 0.0, -9737.04
6837.16, 0.0, -9955.64
6961.32, 0.0, -9853.28
6976.0, 0.0, -10018.28
6738.76, 0.0, -9937.52
6647.52, 0.0, -10022.08
5514.48, 0.0, -9969.16
2184.7, 0.0, -9553.44
-691.36, 0.0, -8991.68
-674.88, 0.0, -8553.56
-1560.24, 0.0, -8547.56
-3367.04, 0.0, -8057.2
-4455.04, 0.0, -7706.96
-4206.12, 0.0, -7789.04
-3049.2, 0.0, -8115.56
-23.0, 0.0, -9007.6
3584.96, 0.0, -9649.84
6101.28, 0.0, -9833.36
5460.16, 0.0, -9754.32
6976.8, 0.0, -10005.16
6479.36, 0.0, -9809.84
6452.88, 0.0, -9959.52
7648.64, 0.0, -9838.56
6685.84, 0.0, -9916.4
6331.72, 0.0, -9904.32
6431.12, 0.0, -9875.04
6327.48, 0.0, -9951.92
7999.68, 0.0, -10056.44
9864.44, 0.0, -9256.6
12516.88, 0.0, -9182.72
13551.88, 0.0, -8455.12
13978.0, 0.0, -8308.32
14279.0, 0.0, -8048.16
15023.52, 0.0, -8016.52
13342.24, 0.0, -8365.64
8596.68, 0.0, -9849.88
5632.16, 0.0, -9907.24
5387.84, 0.0, -9524.92
6494.24, 0.0, -9761.52
6552.28, 0.0, -9929.0
6877.88, 0.0, -9847.64
6393.16, 0.0, -9797.04
6798.4, 0.0, -9462.68
6474.0, 0.0, -9692.56
6755.88, 0.0, -9807.52
8377.72, 0.0, -9729.88
6840.56, 0.0, -10430.2
6834.24, 0.0, -9965.52
9145.84, 0.0, -9859.68
10617.6, 0.0, -9531.92
9820.88, 0.0, -9715.88
12027.52, 0.0, -9136.28
13867.08, 0.0, -8681.68
14168.8, 0.0, -8127.64
14941.8, 0.0, -7847.88
15227.48, 0.0, -7514.64
16016.8, 0.0, -7738.32
8550.16, 0.0, -9144.84
4444.76, 0.0, -9680.92
4430.52, 0.0, -10369.48
6327.36, 0.0, -9782.84
6414.8, 0.0, -10081.2
6687.36, 0.0, -9967.56
6495.36, 0.0, -9945.4
5072.52, 0.0, -9982.08
5148.88, 0.0, -9909.64
5437.36, 0.0, -9914.84
5182.48, 0.0, -9892.48
4134.6, 0.0, -9711.16
1821.08, 0.0, -9364.04
-397.2, 0.0, -8909.32
-1927.0, 0.0, -8401.8
-4024.08, 0.0, -7867.32
-4978.24, 0.0, -7625.0
-3977.52, 0.0, -8028.28
4566.2, 0.0, -9607.92
7042.4, 0.0, -9876.4
6142.32, 0.0, -10030.96
6329.48, 0.0, -9975.08
5728.36, 0.0, -10004.4
5729.32, 0.0, -10103.2
6924.52, 0.0, -9905.44
6845.84, 0.0, -9783.12
7033.32, 0.0, -9883.08
6371.16, 0.0, -10053.0
6756.24, 0.0, -9690.6
6127.32, 0.0, -9436.84
6843.88, 0.0, -9082.68
7057.92, 0.0, -8708.4
7554.92, 0.0, -7952.68
6639.8, 0.0, -8270.2
7228.04, 0.0, -8213.64
7011.08, 0.0, -9345.92
6574.24, 0.0, -10277.88
7106.68, 0.0, -10079.36
6654.6, 0.0, -8400.84
6561.68, 0.0, -8758.04
5583.52, 0.0, -7891.96
6349.48, 0.0, -7615.92
6114.36, 0.0, -7876.08
7265.16, 0.0, -8056.84
6874.76, 0.0, -8422.88
6552.92, 0.0, -8378.48
6557.52, 0.0, -8705.64
6773.32, 0.0, -8453.24
6353.56, 0.0, -10245.24
6040.96, 0.0, -10606.4
5942.0, 0.0, -10738.72
5950.52, 0.0, -11095.92
5738.52, 0.0, -12249.08
5133.16, 0.0, -11976.04
5589.76, 0.0, -12280.68
6542.0, 0.0, -11727.2
7035.04, 0.0, -10579.48
7174.4, 0.0, -10440.0
7773.24, 0.0, -9351.04
7448.96, 0.0, -9264.6
6725.28, 0.0, -9043.16
6476.16, 0.0, -9550.12
5963.68, 0.0, -9179.6
6796.64, 0.0, -9268.92
6460.48, 0.0, -9763.12
6332.12, 0.0, -10836.32
6168.56, 0.0, -10605.36
6402.16, 0.0, -10123.44
6450.8, 0.0, -9985.64
6226.36, 0.0, -10073.36
5939.0, 0.0, -10724.12
6018.84, 0.0, -11655.04
5723.88, 0.0, -12062.0
5737.88, 0.0, -12270.64
5804.84, 0.0, -12572.72
5374.4, 0.0, -12002.4
5467.56, 0.0, -11018.0
7128.56, 0.0, -10940.44
6778.76, 0.0, -10394.64
6843.52, 0.0, -11501.08
5329.92, 0.0, -11391.68
6187.6, 0.0, -11621.24
5401.44, 0.0, -11963.88
4828.28, 0.0, -11537.76
5427.28, 0.0, -11107.0
5063.08, 0.0, -9043.2
5097.6, 0.0, -8514.44
5885.28, 0.0, -8320.36
6459.32, 0.0, -8187.84
6470.72, 0.0, -8619.64
7569.68, 0.0, -8697.28
6493.76, 0.0, -8737.72
6177.56, 0.0, -8757.2
6990.92, 0.0, -8737.68
6830.36, 0.0, -8878.76
6636.12, 0.0, -9197.0
6413.36, 0.0, -9091.28
6258.2, 0.0, -8988.12
6322.4, 0.0, -9924.2
5861.64, 0.0, -10644.16
6352.36, 0.0, -10614.72
5963.32, 0.0, -10523.6
5933.8, 0.0, -11581.28
6293.04, 0.0, -11495.4
5841.08, 0.0, -11411.52
6173.72, 0.0, -10996.68
6396.36, 0.0, -10687.24
6220.16, 0.0, -10843.12
6701.56, 0.0, -9105.16
7241.8, 0.0, -8958.24
7548.08, 0.0, -8505.76
6910.0, 0.0, -8645.0
6263.88, 0.0, -8847.72
7009.44, 0.0, -8915.36
6821.68, 0.0, -8767.24
6949.6, 0.0, -8908.56
6992.0, 0.0, -9137.64
6845.96, 0.0, -9401.68
7214.04, 0.0, -9119.4
6993.92, 0.0, -9236.88
6866.24, 0.0, -9356.44
7165.92, 0.0, -9254.16
6607.0, 0.0, -9330.24
6496.28, 0.0, -9380.4
6567.56, 0.0, -9285.8
6623.44, 0.0, -8990.44
6686.4, 0.0, -9400.64
6785.0, 0.0, -9362.36
6753.88, 0.0, -9214.96
6815.04, 0.0, -9102.56
6690.08, 0.0, -9444.8
6390.72, 0.0, -9311.2
6492.12, 0.0, -9376.36
6681.96, 0.0, -9460.52
6763.92, 0.0, -9515.08
6763.88, 0.0, -9581.4
7111.16, 0.0, -9590.48
6447.2, 0.0, -9496.12
6151.4, 0.0, -10467.68
6154.68, 0.0, -10648.36
6182.72, 0.0, -10748.72
5818.12, 0.0, -10321.08
6358.52, 0.0, -11232.24
5876.84, 0.0, -10334.24
6248.4, 0.0, -10916.92
5982.84, 0.0, -10479.8
5966.64, 0.0, -10719.8
6188.2, 0.0, -10805.08
5902.48, 0.0, -11571.08
6593.2, 0.0, -11407.2
6067.8, 0.0, -10793.28
7359.32, 0.0, -12722.2
6623.28, 0.0, -10180.88
7326.72, 0.0, -9971.08
7914.04, 0.0, -9007.16
6078.92, 0.0, -11143.2
5435.68, 0.0, -12045.12
6042.68, 0.0, -11946.88
6277.44, 0.0, -11830.48
5773.32, 0.0, -11552.28
5178.4, 0.0, -10864.84
5784.88, 0.0, -9959.08
5899.92, 0.0, -9660.2
5381.0, 0.0, -10428.24
6062.6, 0.0, -10834.88
6129.36, 0.0, -10727.52
6592.48, 0.0, -10962.76
7348.76, 0.0, -10342.8
7768.96, 0.0, -9493.96
6959.68, 0.0, -9955.2
7349.24, 0.0, -9719.16
7616.44, 0.0, -9234.76
6672.8, 0.0, -9321.36
6515.36, 0.0, -9470.68
6802.28, 0.0, -9519.0
6538.0, 0.0, -9250.6
6660.96, 0.0, -9494.24
6728.2, 0.0, -9723.64
6393.84, 0.0, -10420.4
6191.0, 0.0, -11016.52
6019.6, 0.0, -9760.72
6495.4, 0.0, -9332.76
6493.12, 0.0, -10896.24
5604.36, 0.0, -10575.76
5905.04, 0.0, -11237.76
6738.88, 0.0, -11381.64
6076.48, 0.0, -12049.28
5303.84, 0.0, -12710.96
5996.08, 0.0, -12422.12
5336.16, 0.0, -10704.88
5759.08, 0.0, -11521.0
6719.44, 0.0, -10820.84
6540.6, 0.0, -10748.04
7111.88, 0.0, -10241.68
7461.8, 0.0, -9601.2
7130.52, 0.0, -9396.56
6831.12, 0.0, -9515.84
7105.28, 0.0, -10898.84
5812.08, 0.0, -11262.4
6054.92, 0.0, -11425.8
5945.84, 0.0, -10314.04
6190.28, 0.0, -10478.36
5557.2, 0.0, -9865.76
5470.88, 0.0, -9220.44
5558.36, 0.0, -11535.56
4981.8, 0.0, -13056.0
6424.6, 0.0, -11657.88
7868.72, 0.0, -12095.84
4334.68, 0.0, -10777.96
5974.28, 0.0, -10951.72
6172.92, 0.0, -10399.96
4573.04, 0.0, -11430.04
6763.76, 0.0, -10879.4
6592.28, 0.0, -10078.32
6300.32, 0.0, -9849.48
5406.6, 0.0, -9166.84
6637.76, 0.0, -9088.84
7031.32, 0.0, -8751.36
6509.48, 0.0, -8630.28
6917.72, 0.0, -8831.52
6561.72, 0.0, -8882.0
7040.64, 0.0, -9062.44
6406.76, 0.0, -9159.48
6325.8, 0.0, -9121.32
6462.56, 0.0, -8961.32
6581.84, 0.0, -9312.2
6292.76, 0.0, -10136.0
6106.04, 0.0, -10449.12
5707.4, 0.0, -10661.08
6431.56, 0.0, -10732.56
5832.84, 0.0, -10680.76
5906.92, 0.0, -11132.6
6622.36, 0.0, -10995.04
5728.68, 0.0, -11526.08
7225.16, 0.0, -10895.04
6412.24, 0.0, -10916.12
5642.52, 0.0, -11074.36
6726.64, 0.0, -10540.8
7083.52, 0.0, -10583.08
6595.24, 0.0, -12003.8
5954.52, 0.0, -11947.0
6129.64, 0.0, -11517.88
5730.08, 0.0, -11447.44
5411.8, 0.0, -10704.24
5701.24, 0.0, -10721.64
6655.8, 0.0, -10893.08
5780.04, 0.0, -10800.76
5394.96, 0.0, -13573.08
4699.64, 0.0, -12442.48
5035.24, 0.0, -10188.68
5849.84, 0.0, -10473.8
4810.96, 0.0, -10410.28
5382.96, 0.0, -10489.36
6056.2, 0.0, -10558.4
5533.36, 0.0, -10767.08
6425.28, 0.0, -10830.52
6723.76, 0.0, -10789.08
6497.32, 0.0, -10750.12
6686.28, 0.0, -10783.36
6603.8, 0.0, -10765.44
6179.92, 0.0, -10800.72
6140.64, 0.0, -10852.28
6276.36, 0.0, -10755.68
5755.8, 0.0, -10705.04
5655.32, 0.0, -10260.08
4959.08, 0.0, -10382.56
5576.8, 0.0, -10701.52
6192.68, 0.0, -10727.4
4765.4, 0.0, -11791.8
6189.92, 0.0, -11691.2
5694.36, 0.0, -11420.84
6259.8, 0.0, -10278.88
6382.92, 0.0, -10938.32
6012.88, 0.0, -10889.36
5985.48, 0.0, -10881.84
5993.8, 0.0, -10880.52
6091.68, 0.0, -10872.52
6018.92, 0.0, -10879.64
6034.36, 0.0, -10901.68
5982.8, 0.0, -10902.04
5671.88, 0.0, -10970.0
5575.28, 0.0, -10853.4
5794.48, 0.0, -10755.0
5812.92, 0.0, -10862.12
5691.84, 0.0, -10886.08
6316.64, 0.0, -10665.36
6513.2, 0.0, -10887.68
6442.44, 0.0, -11093.12
6619.64, 0.0, -10994.76
6807.28, 0.0, -10968.12
6886.8, 0.0, -10955.2
5529.88, 0.0, -10953.76
6211.56, 0.0, -10564.12
6427.04, 0.0, -11043.44
5361.36, 0.0, -11372.76
4854.08, 0.0, -10838.6
6334.96, 0.0, -11004.04
5496.88, 0.0, -11620.2
5085.28, 0.0, -10567.28
4925.04, 0.0, -10383.2
4100.16, 0.0, -10837.56
3947.16, 0.0, -10940.72
3978.92, 0.0, -10901.56
4167.68, 0.0, -10983.2
3343.44, 0.0, -10654.88
3561.32, 0.0, -10802.88
3849.88, 0.0, -10780.32
3120.72, 0.0, -10910.52
3047.68, 0.0, -10801.88
3025.6, 0.0, -10820.72
3048.88, 0.0, -10827.08
3045.04, 0.0, -10833.0
3040.48, 0.0, -10836.2
3048.28, 0.0, -10835.76
3042.76, 0.0, -10832.52
3044.72, 0.0, -10833.8
3045.32, 0.0, -10836.4
3045.48, 0.0, -10829.68
3044.44, 0.0, -10831.4
3039.8, 0.0, -10839.4
3056.2, 0.0, -10803.08
3096.4, 0.0, -10784.2
3126.36, 0.0, -10781.48
1968.12, 0.0, -6910.72
