1506182007.7,-1010.36,-16475.56,2308.72
1506182013.71,31.96,-16369.92,2011.44
1506182014.21,-56.68,-16521.92,1856.36
1506182014.71,-164.56,-16698.12,790.76
1506182015.22,25.04,-16685.92,666.72
1506182015.71,3.68,-16593.88,1003.04
1506182016.21,10.24,-16680.4,144.0
1506182016.73,-331.84,-16593.8,1001.68
1506182017.21,-133.12,-17070.24,-4.24
1506182017.75,-498.8,-16507.92,289.68
1506182018.21,-406.32,-16275.24,1653.52
1506182018.71,-341.88,-16612.0,1299.56
1506182019.21,-1095.12,-16624.76,765.32
1506182019.7,-876.04,-16712.72,588.32
1506182020.2,-1073.16,-16541.48,1058.08
1506182020.71,-1895.6,-16597.76,985.68
1506182021.21,-1859.24,-16704.24,937.08
1506182021.71,-2955.04,-16407.56,850.32
1506182022.22,-2965.16,-16249.64,661.56
1506182022.74,-2872.68,-16607.24,701.84
1506182023.22,-3348.08,-16305.36,1055.64
1506182023.71,-3021.84,-16353.48,950.88
1506182024.23,-1049.4,-16740.2,998.76
1506182024.7,81.0,-16888.64,1059.92
1506182025.21,203.0,-16748.92,985.92
1506182025.71,-676.76,-16868.92,1247.32
1506182026.22,-805.6,-16487.36,1112.28
1506182026.7,-740.04,-16552.84,1007.68
1506182027.21,-1344.16,-16914.68,953.84
1506182027.7,-2281.48,-16582.2,1257.2
1506182028.2,-2872.36,-16602.96,1108.88
1506182028.73,-3076.68,-16233.88,836.04
1506182029.23,-2967.12,-16561.4,806.76
1506182029.71,-2874.8,-16426.6,908.92
1506182030.21,-2789.52,-16753.88,812.04
1506182030.7,-1029.92,-16163.52,792.24
1506182032.71,1990.24,-17326.16,899.32
1506182033.21,1013.96,-17361.32,1071.52
1506182033.72,-483.32,-16214.68,639.64
1506182034.22,-1623.36,-16033.92,410.68
1506182034.71,-1841.08,-16732.76,1009.36
1506182035.23,-2366.0,-16913.28,1022.84
1506182035.73,-2750.96,-16521.92,722.96
1506182036.23,-2423.8,-16504.6,701.32
1506182036.73,-1533.52,-16257.16,781.32
1506182037.23,1187.08,-17047.12,831.44
1506182037.83,1909.92,-16572.88,1024.96
1506182038.3,1749.88,-16559.4,924.32
1506182038.77,1747.56,-16809.2,698.08
1506182039.26,1584.2,-16766.56,958.84
1506182039.79,1139.64,-16639.04,903.36
1506182040.25,-10.4,-16611.88,734.08
1506182040.77,-918.16,-16755.36,676.72
1506182041.27,-1286.36,-16859.72,1174.28
1506182041.77,-1909.92,-16564.32,1133.12
1506182042.27,-1740.2,-16357.04,777.24
1506182042.77,-1375.96,-16545.16,916.92
1506182043.27,-1273.32,-16509.2,1100.96
1506182043.77,-1147.96,-16639.44,1020.4
1506182044.27,-982.48,-16429.88,891.88
1506182044.75,-945.76,-16412.0,873.88
1506182045.26,-771.24,-16750.72,1027.52
1506182045.8,-730.52,-16391.12,901.4
1506182046.25,-643.44,-16549.08,931.16
1506182046.75,612.52,-16940.24,958.96
1506182047.26,29.24,-16392.16,812.32
1506182047.77,-822.36,-16537.96,848.32
1506182048.25,-1305.2,-16356.44,772.76
1506182048.74,-1538.24,-16655.72,840.28
1506182049.24,-1542.56,-16553.24,705.28
1506182049.75,-1345.4,-16848.16,816.12
1506182050.26,-1053.84,-16469.12,872.16
1506182050.75,-541.2,-16715.6,917.16
1506182051.26,909.4,-16424.44,596.68
1506182051.75,2000.52,-17225.0,852.68
1506182052.36,2609.96,-16687.12,901.08
1506182052.78,2913.96,-16847.04,740.84
1506182053.3,1851.12,-16404.72,-95.56
1506182053.78,1240.56,-17311.0,996.16
1506182054.28,-286.4,-17519.4,493.64
1506182054.77,-1331.56,-16977.12,456.36
1506182055.27,-2057.48,-16067.08,353.24
1506182055.78,-1701.72,-16359.24,621.4
1506182056.28,-1559.16,-16621.16,825.44
1506182056.78,-1379.32,-16504.96,594.12
1506182057.29,-1275.28,-16655.16,757.12
1506182057.79,-1262.52,-17092.24,1186.04
1506182058.29,-1224.56,-16276.32,751.96
1506182058.77,-1167.88,-16790.96,872.92
1506182059.28,-1043.36,-16225.24,1154.28
1506182059.76,-1051.2,-16584.88,1175.12
1506182060.28,-674.08,-16798.12,1088.6
1506182060.77,-228.16,-16481.76,789.92
1506182061.28,372.52,-16173.24,804.32
1506182061.78,657.84,-16918.4,1001.84
1506182062.26,683.16,-16530.6,764.84
1506182062.78,614.72,-16196.6,881.72
1506182063.3,76.96,-16992.12,945.24
1506182063.8,-275.48,-17092.72,948.76
1506182064.27,-791.96,-16228.76,831.48
1506182064.77,-895.72,-16146.36,856.64
1506182065.27,-1032.72,-16698.56,751.0
1506182065.78,-586.28,-16702.08,841.92
1506182066.27,-605.0,-17130.76,752.6
1506182066.78,-428.2,-15920.12,782.24
1506182067.27,-345.68,-16780.6,823.88
1506182067.76,263.96,-16127.4,638.64
1506182068.26,1491.96,-17178.68,585.32
1506182068.76,1731.88,-17082.68,743.08
1506182069.27,1798.96,-16583.4,721.08
1506182069.76,2466.36,-16762.72,748.68
1506182070.26,1789.16,-17093.64,769.88
1506182070.77,1581.8,-16369.28,801.92
1506182071.27,1474.16,-16394.96,775.52
1506182071.76,2126.32,-17400.48,952.56
1506182072.26,3530.68,-16380.4,892.28
1506182072.76,3902.04,-16982.24,859.84
1506182073.26,4304.8,-16841.0,836.52
1506182073.76,3636.56,-17546.12,818.08
1506182074.26,446.8,-15065.32,804.4
1506182074.77,866.6,-17097.88,737.04
1506182075.25,1544.4,-17212.32,734.32
1506182075.76,2240.88,-16911.08,496.68
1506182076.47,2986.2,-17337.92,509.72
1506182076.91,2699.96,-16583.84,526.32
1506182077.4,2149.84,-17391.0,368.48
1506182077.91,855.12,-16542.56,408.08
1506182078.4,-276.56,-16847.4,586.16
1506182078.9,-2479.8,-16633.32,556.48
1506182079.43,-2929.72,-16556.36,314.12
1506182079.9,-2613.84,-16921.72,711.04
1506182080.4,-87.68,-16749.92,589.44
1506182080.9,-188.24,-16613.56,375.76
1506182081.41,-2022.68,-16449.0,650.88
1506182081.9,-3039.04,-16463.04,747.08
1506182082.4,-3208.4,-16357.8,654.56
1506182082.9,-2602.12,-16398.28,551.72
1506182083.42,-1719.72,-16516.72,638.08
1506182083.9,-194.28,-16726.44,601.6
1506182084.4,518.84,-17207.36,780.16
1506182084.89,392.8,-15651.08,474.44
1506182085.41,-1252.8,-16864.8,239.68
1506182085.89,-2529.72,-16695.32,670.08
1506182086.42,-2712.96,-16511.04,751.32
1506182086.91,-2711.48,-16526.96,759.4
1506182087.39,47.32,-16676.2,600.4
1506182087.91,-1500.12,-16471.96,704.28
1506182088.4,-2595.76,-16344.28,479.92
1506182088.89,-2959.36,-16279.92,687.8
1506182089.43,-2665.04,-16337.44,789.72
1506182089.89,-2507.32,-16508.32,662.44
1506182090.4,-2381.24,-16644.64,720.12
1506182090.91,-2329.32,-16462.52,666.88
1506182091.4,-1973.12,-16638.0,845.72
1506182091.91,-1359.6,-16247.52,680.84
1506182092.41,674.68,-16704.76,977.8
1506182092.89,-950.76,-16799.44,647.12
1506182093.4,-2006.92,-16709.68,604.8
1506182093.91,-2279.96,-15958.96,690.48
1506182094.39,-1939.16,-16728.72,770.84
1506182094.89,-1824.8,-16595.24,770.92
1506182095.4,-1706.36,-16134.92,457.64
1506182095.9,-1548.96,-16591.0,802.92
1506182096.38,-1061.24,-16592.88,667.96
1506182096.89,1068.88,-16566.36,568.32
1506182097.39,1117.48,-16725.6,502.52
1506182097.9,-188.64,-17114.72,872.4
1506182098.4,-1144.8,-16232.48,600.16
1506182098.9,-1313.6,-16476.88,506.56
1506182099.38,-1297.28,-16945.24,732.2
1506182099.89,-1150.2,-16235.16,697.68
1506182100.39,-912.2,-16666.2,695.32
1506182100.89,-803.16,-16786.16,841.88
1506182101.42,656.16,-16881.88,679.64
1506182101.9,1364.64,-16598.08,728.2
1506182102.39,1249.88,-16770.56,739.36
1506182102.9,1623.36,-16317.8,958.92
1506182103.38,1937.52,-16709.84,855.28
1506182103.89,2069.76,-16721.24,857.72
1506182104.41,2088.52,-17077.52,707.36
1506182104.89,2434.72,-16678.92,908.48
1506182105.39,2608.72,-16570.48,855.28
1506182105.9,1748.48,-17132.32,714.12
1506182106.41,1265.6,-16388.12,553.24
1506182106.88,528.64,-16648.08,847.8
1506182107.39,228.88,-16767.88,605.52
1506182107.88,246.96,-16657.24,410.0
1506182108.38,631.68,-17211.04,512.16
1506182108.89,543.2,-16789.84,391.68
1506182109.4,645.96,-16719.6,240.64
1506182109.87,732.84,-17138.24,475.44
1506182110.37,-1691.72,-16647.24,265.96
1506182110.87,-2758.84,-16809.84,111.12
1506182111.38,-1542.28,-16685.2,344.88
1506182111.88,214.4,-17274.28,383.76
1506182112.37,-78.36,-16727.2,549.56
1506182112.91,-2537.16,-16668.4,623.32
1506182113.37,-3544.88,-16076.24,685.0
1506182113.87,-3240.96,-16546.12,839.36
1506182114.38,-3394.88,-16671.12,920.48
1506182114.88,-3554.56,-16329.28,1121.72
1506182115.37,-3333.56,-16538.04,885.96
1506182115.88,-1329.6,-16993.12,857.76
1506182116.38,-2268.12,-16905.88,892.68
1506182116.88,-3664.0,-15588.92,807.64
1506182117.4,-3838.24,-15550.08,595.76
1506182117.86,-4083.76,-16907.24,663.84
1506182118.38,-3624.24,-16181.56,792.52
1506182118.89,-3349.8,-16196.6,711.96
1506182119.37,-3138.8,-16569.28,854.04
1506182119.86,-3191.32,-15969.84,517.56
1506182120.38,-1316.68,-16655.76,941.76
1506182120.88,-13.12,-16440.2,697.12
1506182121.39,-153.08,-16992.72,769.92
1506182121.86,1671.56,-16352.44,689.16
1506182122.37,2848.32,-17229.4,713.32
1506182122.86,3933.48,-16608.08,782.96
1506182123.38,3950.16,-16697.16,743.12
1506182123.86,3277.64,-16813.84,553.64
1506182124.36,3118.84,-16546.6,873.0
1506182124.86,3469.0,-17003.76,784.56
1506182125.36,2437.56,-16727.2,618.2
1506182125.89,1316.76,-18154.48,790.36
1506182126.37,831.12,-14475.36,647.04
1506182126.86,227.68,-18194.16,1138.2
1506182127.36,421.8,-15860.68,439.0
1506182127.87,-1105.12,-16532.24,927.28
1506182128.37,-2315.6,-16678.16,897.28
1506182128.87,-2600.4,-16504.72,932.0
1506182129.36,-2756.96,-16386.72,653.92
1506182129.89,-2262.12,-16879.64,654.0
1506182130.38,572.96,-16637.28,951.48
1506182130.85,1137.6,-16571.16,735.24
1506182131.36,1419.72,-16700.56,640.72
1506182132.05,1403.12,-16918.68,841.0
1506182132.58,1182.68,-16612.32,827.52
1506182133.07,1086.04,-16742.52,722.12
1506182133.57,1883.84,-16721.68,695.24
1506182134.08,3875.56,-16806.8,767.56
1506182134.57,2650.52,-16832.2,641.16
1506182135.07,1956.04,-16753.2,644.12
1506182135.6,1003.6,-17011.76,767.4
1506182136.09,453.08,-16783.88,802.12
1506182136.58,817.6,-16417.04,669.2
1506182137.07,1234.2,-16393.56,614.92
1506182137.58,1586.92,-16482.64,817.72
1506182138.08,1359.8,-17425.68,707.84
1506182138.58,1722.04,-16462.24,922.16
1506182139.07,1206.56,-16743.76,779.44
1506182139.57,1982.8,-16836.04,551.6
1506182140.07,1398.08,-16653.96,552.88
1506182140.57,539.8,-16700.68,359.28
1506182141.07,375.44,-16803.52,486.8
1506182141.59,-88.88,-16552.28,471.32
1506182142.07,-474.8,-16668.84,717.48
1506182142.57,-591.28,-16678.52,475.8
1506182143.06,-853.52,-16467.16,558.68
1506182143.57,-1320.04,-16685.08,790.56
1506182144.07,-1488.52,-16474.52,659.12
1506182144.59,-2213.08,-16395.56,648.24
1506182145.09,-1971.12,-16716.84,461.04
1506182145.59,-2162.64,-16909.56,464.36
1506182146.07,-2375.44,-17419.24,820.96
1506182146.56,-2171.28,-16796.16,749.32
1506182147.06,-104.24,-17011.6,342.64
1506182147.56,-1104.6,-15918.2,607.36
1506182148.07,-2864.28,-16463.48,775.04
1506182148.58,-3969.68,-16527.48,794.0
1506182149.06,-4166.32,-16305.52,718.44
1506182149.56,-3915.8,-16328.44,776.44
1506182150.07,-2602.96,-16468.6,761.92
1506182150.57,-574.08,-16563.6,762.16
1506182151.07,-2487.44,-16475.64,730.72
1506182151.56,-3239.72,-16450.24,835.8
1506182152.06,-3428.88,-16515.04,608.68
1506182152.56,-3152.8,-16103.64,846.64
1506182153.05,-1475.24,-16368.04,646.16
1506182153.56,-915.04,-16229.56,791.32
1506182154.06,-935.36,-16683.8,901.84
1506182154.56,1283.48,-16502.36,802.76
1506182155.06,1819.56,-16752.28,776.84
1506182155.57,2855.32,-17153.92,918.2
1506182156.06,3797.12,-16647.92,1064.64
1506182156.57,3942.56,-16453.4,1054.28
1506182157.1,3699.48,-17196.76,1052.48
1506182157.55,3526.56,-17086.2,1216.76
1506182158.05,2798.76,-17394.08,1335.76
1506182158.55,2311.32,-16793.72,1098.76
1506182159.05,1495.12,-16943.6,1256.8
1506182159.58,32.52,-16695.4,1297.2
1506182160.05,-195.8,-17234.28,1050.52
1506182160.55,433.16,-17002.84,872.56
1506182161.07,660.44,-16177.72,921.04
1506182161.59,-308.0,-17179.44,1013.4
1506182162.05,-2240.88,-16461.48,932.44
1506182162.56,-3002.32,-16384.92,823.76
1506182163.07,-3705.96,-16276.48,955.16
1506182163.55,-4091.88,-16346.8,972.12
1506182164.05,-4647.44,-15966.44,779.68
1506182164.55,-4929.72,-16046.12,914.84
1506182165.06,-4953.28,-16204.76,898.24
1506182165.55,-4619.48,-16486.84,669.36
1506182166.05,-1179.68,-16420.32,876.32
1506182166.55,-3146.36,-16255.44,975.44
1506182167.05,-3961.84,-16306.84,624.08
1506182167.54,-4108.64,-15744.92,925.64
1506182168.05,-4323.28,-16210.0,776.2
1506182168.55,-4175.36,-15608.08,716.04
1506182169.05,-4142.2,-16303.24,383.24
1506182169.55,-4035.96,-16564.68,667.72
1506182170.05,-3688.76,-16401.52,714.56
1506182170.57,-200.76,-15951.8,682.84
1506182171.04,2392.2,-16311.2,949.72
1506182171.54,3441.0,-17096.2,1234.96
1506182172.04,3276.4,-16412.56,1203.32
1506182172.54,3123.2,-16751.8,970.04
1506182173.04,3332.04,-16707.96,785.2
1506182173.55,3255.56,-16803.88,771.52
1506182174.04,2241.56,-16928.84,729.08
1506182174.53,1786.2,-16777.32,609.0
1506182175.04,1244.8,-16863.2,858.32
1506182175.53,-230.92,-16564.4,989.2
1506182176.04,-826.32,-16437.72,678.0
1506182176.56,-911.08,-16516.92,952.52
1506182177.05,-788.44,-16593.16,893.76
1506182177.54,406.4,-17127.8,714.0
1506182178.03,806.2,-16332.68,945.6
1506182178.54,670.96,-16487.44,844.12
1506182179.06,-166.84,-16288.32,1013.88
1506182179.53,-1025.56,-16904.52,869.4
1506182180.03,-1346.16,-16591.0,849.64
1506182180.53,-1615.24,-16356.24,734.92
1506182181.03,-2063.56,-16681.24,898.68
1506182181.53,-1083.48,-15828.2,711.48
1506182182.04,1525.6,-17427.44,782.92
1506182182.53,1492.08,-16352.72,762.88
1506182183.03,1987.08,-16732.24,865.36
1506182183.53,3372.8,-16859.04,615.88
1506182184.03,3982.08,-16828.88,588.44
1506182184.53,4060.68,-16905.76,783.36
1506182185.04,3548.76,-16839.2,785.6
1506182185.56,2756.52,-16794.32,713.4
1506182186.03,1468.56,-16728.56,706.12
1506182186.53,657.32,-16524.04,574.84
1506182187.04,1051.76,-16830.28,336.44
1506182187.52,-108.92,-17229.24,381.16
1506182188.03,-1228.84,-16739.16,199.92
1506182188.56,-1577.72,-17141.2,283.72
1506182189.05,-2158.72,-17491.28,411.84
1506182189.56,-2675.2,-17170.56,236.92
1506182190.03,-2694.76,-16244.72,436.76
1506182190.54,-2747.08,-16770.52,669.36
1506182191.03,-2188.92,-16152.76,801.56
1506182191.54,152.0,-16805.12,827.32
1506182192.26,380.08,-16795.04,927.24
1506182192.68,-2144.04,-16199.72,892.92
1506182193.17,-3048.28,-16557.04,871.68
1506182193.67,-3015.96,-16369.64,951.68
1506182194.16,-129.56,-16830.88,891.84
1506182194.67,6316.12,-16879.72,746.6
1506182195.16,9211.24,-16753.16,865.0
1506182195.68,9397.64,-16577.28,864.0
1506182196.16,1567.96,-16693.28,679.44
1506182196.69,529.16,-16897.04,738.84
1506182197.16,-707.0,-16080.84,1080.12
1506182197.67,-2292.64,-17008.12,757.2
1506182198.18,-2770.6,-16363.48,698.68
1506182198.66,-3338.24,-16393.32,802.04
1506182199.17,-3498.92,-16268.76,803.76
1506182199.65,-3967.44,-16359.6,788.96
1506182200.16,-2709.04,-16222.72,1051.76
1506182200.66,167.8,-16664.56,1008.52
1506182201.16,-1489.72,-16587.88,829.36
1506182201.66,-1542.76,-16442.32,868.0
1506182202.16,-1590.16,-16340.76,979.72
1506182202.68,-1383.8,-16809.24,842.92
1506182203.16,1531.08,-16997.68,1054.84
1506182203.66,2054.88,-16770.84,973.12
1506182204.16,5938.84,-16790.88,1008.92
1506182204.65,7115.04,-17114.68,837.32
1506182205.15,5539.52,-17176.56,984.52
1506182205.66,3434.84,-16768.44,911.2
1506182206.15,1265.16,-16385.8,797.84
1506182206.66,2119.8,-16236.6,720.08
1506182207.15,650.52,-17203.08,804.88
1506182207.65,-515.88,-16747.56,934.0
1506182208.16,-2406.88,-16268.76,940.4
1506182208.65,-2009.64,-16534.04,842.56
1506182209.17,-2371.36,-16470.92,995.12
1506182209.65,45.36,-16218.76,886.92
1506182210.15,208.36,-16566.32,739.4
1506182210.65,350.8,-16978.52,1287.28
1506182211.15,698.6,-16691.68,960.28
1506182211.65,2041.36,-16936.12,747.28
1506182212.17,2327.96,-16844.36,1058.4
1506182212.64,2276.68,-16742.64,959.04
1506182213.15,4004.36,-17059.8,213.76
1506182213.64,2783.68,-17554.64,379.68
1506182214.17,1855.32,-16779.44,299.68
1506182214.64,2156.52,-17008.6,221.56
1506182215.14,1849.32,-16730.2,445.0
1506182215.67,1378.52,-16966.0,349.0
1506182216.14,1004.08,-16681.8,-383.0
1506182216.64,1720.68,-16828.8,879.28
1506182217.15,1360.8,-16372.64,1909.04
1506182217.66,581.84,-16468.32,1545.6
1506182218.15,-446.28,-16861.36,-736.72
1506182218.64,-373.96,-16553.88,-180.76
1506182219.16,-49.48,-16801.16,-144.24
1506182219.64,-224.6,-16870.2,528.0
1506182220.14,488.24,-16634.76,445.6
1506182220.67,254.76,-16105.2,4404.72
1506182221.14,81.68,-15067.44,6740.6
1506182221.64,184.72,-15393.08,6498.64
1506182222.14,186.04,-15326.92,6590.16
1506182222.63,160.92,-15393.16,6507.88
1506182223.14,241.36,-15324.0,6615.28
1506182223.65,226.64,-15298.96,6658.64
1506182224.13,218.52,-15323.88,6637.16
1506182224.64,221.24,-15319.2,6636.84
1506182225.13,219.08,-15322.76,6631.8
1506182225.63,217.76,-15330.68,6625.24
1506182226.13,221.2,-15320.0,6631.24
1506182226.63,219.68,-15327.52,6631.28
1506182227.14,222.12,-15327.8,6631.44
1506182227.65,216.48,-15326.96,6626.52
1506182228.19,216.0,-15330.84,6632.28
1506182228.64,213.8,-15323.2,6640.28
1506182229.14,218.6,-15324.72,6631.6
1506182229.64,216.52,-15329.56,6639.04
1506182230.13,218.48,-15323.76,6631.32
1506182230.64,223.48,-15318.2,6641.24
1506182231.13,220.08,-15326.36,6632.68
1506182231.68,218.92,-15322.12,6634.76
1506182232.13,220.04,-15325.12,6639.32
1506182232.75,243.68,-15314.04,6668.76
1506182233.13,215.44,-15327.4,6629.48
1506182233.62,215.12,-15321.92,6637.68
1506182234.13,228.76,-15321.12,6643.4
1506182234.62,229.92,-15324.44,6644.96
1506182235.14,216.0,-15323.48,6644.32
1506182235.63,220.92,-15321.76,6636.84
1506182236.12,221.52,-15320.32,6644.96
1506182236.62,207.96,-15329.56,6609.6
1506182237.14,238.52,-15318.8,6656.76
1506182237.63,215.84,-15319.44,6630.56
1506182238.12,221.56,-15324.64,6641.28
1506182238.63,219.96,-15324.56,6638.6
1506182239.13,222.96,-15323.48,6638.48
1506182239.63,221.64,-15322.6,6644.12
1506182240.15,214.4,-15324.0,6634.96
1506182240.62,220.44,-15323.52,6639.96
1506182241.13,217.48,-15323.64,6641.04
1506182241.62,219.64,-15320.8,6627.76
1506182242.12,220.24,-15321.76,6636.44
1506182242.62,218.32,-15318.44,6640.92
1506182243.11,220.8,-15318.52,6640.92
1506182243.62,220.12,-15318.52,6630.76
1506182244.12,224.92,-15324.8,6634.0
1506182244.62,218.76,-15324.96,6631.44
1506182245.12,216.6,-15321.44,6633.6
1506182245.62,218.6,-15322.4,6643.28
1506182246.11,224.0,-15321.16,6642.84
1506182246.61,227.68,-15319.68,6639.96
1506182247.15,213.36,-15320.32,6640.4
1506182247.61,220.4,-15325.52,6641.68
1506182248.12,220.68,-15320.68,6640.4
1506182248.6,220.48,-15321.96,6639.72
1506182249.13,214.0,-15324.32,6643.08
1506182249.62,217.04,-15328.48,6640.24
1506182250.13,218.04,-15324.76,6637.56
1506182250.6,215.52,-15326.96,6638.48
1506182251.12,215.24,-15325.28,6638.48
1506182251.62,218.24,-15322.56,6640.2
1506182252.12,215.76,-15322.52,6641.56
1506182252.61,218.92,-15315.72,6635.96
1506182253.1,214.44,-15320.48,6637.6
1506182253.61,223.52,-15322.0,6634.0
1506182254.11,215.16,-15322.24,6639.24
1506182254.61,220.04,-15323.56,6641.48
1506182255.11,218.6,-15317.2,6635.24
1506182255.61,211.52,-15320.8,6641.84
1506182256.11,218.4,-15320.72,6633.28
1506182256.6,221.92,-15318.8,6634.84
1506182257.1,222.36,-15327.28,6634.8
1506182257.6,212.12,-15321.44,6635.2
1506182258.1,211.12,-15321.0,6636.8
1506182258.6,222.84,-15322.24,6636.76
1506182259.11,218.6,-15318.4,6644.4
1506182259.6,223.6,-15321.6,6637.36
1506182260.1,224.28,-15318.32,6635.28
1506182260.61,225.36,-15318.4,6627.8
1506182261.1,216.88,-15320.6,6632.52
1506182261.61,224.88,-15321.04,6634.04
1506182262.1,219.32,-15321.2,6632.44
1506182262.61,219.0,-15322.76,6639.84
1506182263.1,219.48,-15322.8,6637.36
1506182263.6,217.44,-15317.68,6640.2
1506182264.12,221.08,-15320.88,6634.6
1506182264.6,211.6,-15323.28,6626.76
1506182265.09,218.68,-15324.48,6629.76
1506182265.6,222.36,-15319.32,6639.12
1506182266.1,225.32,-15317.24,6649.36
1506182266.6,219.68,-15321.96,6627.6
1506182267.12,219.12,-15322.04,6636.0
1506182267.61,219.64,-15324.44,6636.04
1506182268.09,217.12,-15318.64,6628.28
1506182268.59,225.56,-15322.24,6635.2
1506182269.09,218.56,-15321.48,6639.44
1506182269.6,221.8,-15321.56,6634.68
1506182270.09,219.8,-15322.96,6643.32
1506182270.59,216.24,-15320.52,6641.32
1506182271.09,219.08,-15315.08,6634.0
1506182271.59,215.44,-15315.28,6637.68
1506182272.09,213.36,-15321.32,6636.72
1506182272.59,220.84,-15317.8,6639.36
1506182273.1,220.84,-15327.6,6633.72
1506182273.59,221.48,-15321.16,6631.68
1506182274.09,224.96,-15321.56,6636.88
1506182274.59,219.8,-15321.6,6641.08
1506182275.09,222.6,-15318.8,6635.88
1506182275.59,220.76,-15324.44,6629.32
1506182276.1,221.8,-15322.44,6635.84
1506182276.58,218.6,-15319.6,6637.68
1506182277.11,224.68,-15326.16,6638.68
1506182277.59,215.68,-15319.88,6636.76
1506182278.08,218.44,-15319.88,6640.32
1506182278.59,219.56,-15322.8,6640.68
1506182279.08,220.4,-15323.0,6638.32
1506182279.61,215.56,-15321.64,6634.32
1506182280.09,218.2,-15317.08,6632.2
1506182280.58,214.84,-15323.2,6643.96
1506182281.08,215.48,-15323.48,6635.04
1506182281.58,229.36,-15320.72,6635.04
1506182282.09,223.88,-15320.84,6642.88
1506182282.6,220.96,-15322.88,6652.04
1506182283.1,220.24,-15323.92,6635.92
1506182283.58,223.88,-15320.16,6640.56
1506182284.08,213.68,-15326.72,6637.24
1506182284.59,219.08,-15322.44,6643.52
1506182285.09,218.92,-15324.88,6649.48
1506182285.57,220.6,-15321.32,6640.56
1506182286.09,216.72,-15317.76,6640.12
1506182286.58,214.88,-15318.88,6634.64
1506182287.08,220.44,-15321.76,6634.44
1506182287.58,220.16,-15319.0,6640.92
1506182288.09,226.36,-15319.88,6636.64
1506182288.59,220.72,-15322.72,6634.88
1506182289.07,222.88,-15319.44,6642.04
1506182289.59,226.12,-15315.2,6641.84
1506182290.07,218.84,-15319.2,6643.28
1506182290.57,223.12,-15323.8,6640.2
1506182291.09,215.08,-15321.84,6641.04
1506182291.58,217.76,-15315.32,6647.76
1506182292.09,225.04,-15315.52,6644.24
1506182292.58,227.08,-15316.88,6643.0
1506182293.07,220.28,-15323.6,6641.2
1506182293.58,219.72,-15318.88,6638.32
1506182294.08,219.4,-15319.56,6637.32
1506182294.58,215.72,-15320.72,6643.08
1506182295.09,221.8,-15321.8,6641.52
1506182295.58,213.84,-15319.2,6642.96
1506182296.07,217.0,-15315.84,6645.76
1506182296.57,221.04,-15317.36,6646.72
1506182297.09,219.56,-15318.04,6643.08
1506182297.58,214.64,-15320.24,6636.2
1506182298.08,218.88,-15319.84,6638.6
1506182298.58,220.12,-15318.68,6639.4
1506182299.07,218.64,-15322.4,6638.76
1506182299.58,216.96,-15318.48,6645.12
1506182300.08,225.4,-15321.96,6641.96
1506182300.57,219.6,-15320.68,6643.04
1506182301.07,220.76,-15317.8,6643.4
1506182301.6,222.84,-15323.28,6636.44
1506182302.06,152.52,-10730.72,4639.08
