Time,Piezo
1506153349.92,0
1506153349.93,0
1506153349.93,0
1506153349.94,0
1506153349.95,0
1506153349.96,0
1506153350.0,0
1506153350.0,0
1506153350.01,0
1506153350.01,0
1506153350.01,0
1506153350.02,0
1506153350.03,0
1506153350.04,0
1506153350.06,0
1506153350.07,0
1506153350.07,0
1506153350.08,0
1506153350.09,0
1506153350.1,0
1506153350.11,0
1506153350.12,0
1506153350.14,0
1506153350.15,0
1506153350.15,0
1506153350.16,0
1506153350.17,0
1506153350.18,0
1506153350.22,0
1506153350.22,0
1506153350.23,0
1506153350.23,0
1506153350.23,0
1506153350.24,0
1506153350.25,0
1506153350.26,0
1506153350.28,0
1506153350.29,0
1506153350.29,0
1506153350.3,0
1506153350.31,0
1506153350.32,0
1506153350.33,0
1506153350.34,0
1506153350.36,0
1506153350.37,0
1506153350.37,0
1506153350.38,0
1506153350.39,0
1506153350.4,0
1506153350.44,0
1506153350.44,0
1506153350.45,0
1506153350.45,0
1506153350.45,0
1506153350.46,0
1506153350.47,0
1506153350.47,0
1506153350.5,0
1506153350.51,0
1506153350.51,0
1506153350.52,0
1506153350.53,0
1506153350.54,0
1506153350.55,0
1506153350.56,0
1506153350.58,0
1506153350.59,0
1506153350.59,0
1506153350.6,0
1506153350.61,0
1506153350.62,0
1506153350.63,0
1506153350.63,0
1506153350.66,0
1506153350.67,0
1506153350.67,0
1506153350.69,0
1506153350.69,0
1506153350.7,0
1506153350.74,0
1506153350.75,0
1506153350.75,0
1506153350.75,0
1506153350.76,0
1506153350.76,0
1506153350.77,0
1506153350.78,0
1506153350.8,0
1506153350.81,0
1506153350.81,0
1506153350.82,0
1506153350.83,0
1506153350.84,0
1506153350.88,0
1506153350.89,0
1506153350.89,0
1506153350.89,0
1506153350.9,0
1506153350.9,0
1506153350.91,0
1506153350.92,0
1506153350.94,0
1506153350.95,0
1506153350.95,0
1506153350.96,0
1506153350.97,0
1506153350.98,0
1506153351.0,0
1506153351.01,0
1506153351.01,0
1506153351.02,0
1506153351.04,0
1506153351.04,0
1506153351.05,0
1506153351.06,0
1506153351.08,0
1506153351.09,0
1506153351.09,0
1506153351.1,0
1506153351.11,0
1506153351.12,0
1506153351.14,0
1506153351.15,0
1506153351.15,0
1506153351.16,0
1506153351.17,0
1506153351.18,0
1506153351.2,0
1506153351.21,0
1506153351.21,0
1506153351.22,0
1506153351.23,0
1506153351.24,0
1506153351.25,0
1506153351.26,0
1506153351.28,0
1506153351.28,0
1506153351.29,0
1506153351.3,0
1506153351.31,0
1506153351.31,0
1506153351.34,0
1506153351.35,0
1506153351.35,0
1506153351.36,0
1506153351.37,0
1506153351.38,0
1506153351.39,0
1506153351.39,0
1506153351.41,0
1506153351.44,0
1506153351.44,0
1506153351.44,0
1506153351.45,0
1506153351.46,0
1506153351.47,0
1506153351.48,0
1506153351.5,0
1506153351.5,0
1506153351.53,0
1506153351.54,0
1506153351.54,0
1506153351.54,0
1506153351.56,0
1506153351.57,0
1506153351.57,0
1506153351.58,0
1506153351.59,0
1506153351.6,0
1506153351.64,0
1506153351.65,0
1506153351.65,0
1506153351.65,0
1506153351.66,0
1506153351.66,0
1506153351.67,0
1506153351.68,0
1506153351.72,0
1506153351.72,0
1506153351.73,0
1506153351.73,0
1506153351.73,0
1506153351.74,0
1506153351.75,0
1506153351.76,0
1506153351.78,0
1506153351.79,0
1506153351.79,0
1506153351.8,0
1506153351.81,0
1506153351.82,0
1506153351.83,0
1506153351.83,0
1506153351.86,0
1506153351.87,0
1506153351.87,0
1506153351.88,0
1506153351.88,0
1506153351.9,0
1506153351.91,0
1506153351.91,0
1506153351.94,0
1506153351.94,0
1506153351.95,0
1506153351.96,0
1506153351.97,0
1506153351.98,0
1506153352.0,0
1506153352.01,0
1506153352.01,0
1506153352.02,0
1506153352.03,0
1506153352.04,0
1506153352.05,0
1506153352.06,0
1506153352.08,0
1506153352.09,0
1506153352.09,0
1506153352.11,0
1506153352.12,0
1506153352.12,0
1506153352.14,0
1506153352.15,0
1506153352.15,0
1506153352.16,0
1506153352.17,0
1506153352.18,0
1506153352.2,0
1506153352.2,0
1506153352.21,0
1506153352.22,0
1506153352.23,0
1506153352.23,0
1506153352.26,0
1506153352.26,0
1506153352.26,0
1506153352.28,0
1506153352.29,0
1506153352.29,0
1506153352.32,0
1506153352.32,0
1506153352.32,0
1506153352.33,0
1506153352.35,0
1506153352.35,0
1506153352.38,0
1506153352.38,0
1506153352.38,0
1506153352.4,0
1506153352.41,0
1506153352.41,0
1506153352.44,0
1506153352.44,0
1506153352.44,0
1506153352.46,0
1506153352.47,0
1506153352.47,0
1506153352.49,0
1506153352.49,0
1506153352.52,0
1506153352.52,0
1506153352.52,0
1506153352.54,0
1506153352.55,0
1506153352.55,0
1506153352.58,0
1506153352.58,0
1506153352.58,0
1506153352.6,0
1506153352.61,0
1506153352.61,0
1506153352.63,0
1506153352.63,0
1506153352.66,0
1506153352.66,0
1506153352.66,0
1506153352.67,0
1506153352.69,0
1506153352.69,0
1506153352.72,0
1506153352.72,0
1506153352.72,0
1506153352.73,0
1506153352.75,0
1506153352.75,0
1506153352.78,0
1506153352.78,0
1506153352.78,0
1506153352.8,0
1506153352.81,0
1506153352.81,0
1506153352.84,0
1506153352.84,0
1506153352.84,0
1506153352.86,0
1506153352.87,0
1506153352.87,0
1506153352.89,0
1506153352.89,0
1506153352.92,0
1506153352.92,0
1506153352.92,0
1506153352.94,0
1506153352.95,0
1506153352.95,0
1506153353.0,0
1506153353.0,0
1506153353.0,0
1506153353.01,0
1506153353.01,0
1506153353.02,0
1506153353.03,0
1506153353.03,0
1506153353.06,0
1506153353.06,0
1506153353.06,0
1506153353.08,0
1506153353.09,0
1506153353.09,0
1506153353.12,0
1506153353.12,0
1506153353.12,0
1506153353.13,0
1506153353.15,0
1506153353.15,0
1506153353.18,0
1506153353.18,0
1506153353.18,0
1506153353.2,0
1506153353.21,0
1506153353.21,0
1506153353.26,0
1506153353.26,0
1506153353.27,0
1506153353.27,0
1506153353.27,0
1506153353.28,0
1506153353.29,0
1506153353.29,0
1506153353.32,0
1506153353.32,0
1506153353.33,0
1506153353.33,0
1506153353.35,0
1506153353.35,0
1506153353.38,0
1506153353.38,0
1506153353.38,0
1506153353.4,0
1506153353.41,0
1506153353.41,0
1506153353.43,0
1506153353.43,0
1506153353.46,0
1506153353.46,0
1506153353.46,0
1506153353.48,0
1506153353.49,0
1506153353.49,0
1506153353.52,0
1506153353.52,0
1506153353.52,0
1506153353.54,0
1506153353.55,0
1506153353.55,0
1506153353.57,0
1506153353.57,0
1506153353.6,0
1506153353.6,0
1506153353.6,0
1506153353.61,0
1506153353.63,0
1506153353.63,0
1506153353.68,0
1506153353.68,0
1506153353.68,0
1506153353.68,0
1506153353.68,0
1506153353.69,0
1506153353.71,0
1506153353.71,0
1506153353.74,0
1506153353.74,0
1506153353.74,0
1506153353.75,0
1506153353.77,0
1506153353.77,0
1506153353.8,0
1506153353.8,0
1506153353.81,0
1506153353.83,0
1506153353.84,0
1506153353.84,0
1506153353.85,0
1506153353.85,0
1506153353.87,0
1506153353.87,0
1506153353.9,0
1506153353.9,0
1506153353.9,0
1506153353.91,0
1506153353.93,0
1506153353.93,0
1506153353.95,0
1506153353.95,0
1506153353.98,0
1506153353.98,0
1506153353.99,0
1506153353.99,0
1506153354.01,0
1506153354.01,0
1506153354.04,0
1506153354.05,0
1506153354.05,0
1506153354.06,0
1506153354.07,0
1506153354.07,0
1506153354.09,0
1506153354.09,0
1506153354.12,0
1506153354.12,0
1506153354.13,0
1506153354.14,0
1506153354.15,0
1506153354.15,0
1506153354.18,0
1506153354.18,0
1506153354.18,0
1506153354.19,0
1506153354.21,0
1506153354.21,0
1506153354.24,0
1506153354.24,0
1506153354.24,0
1506153354.27,0
1506153354.27,0
1506153354.27,0
1506153354.3,0
1506153354.3,0
1506153354.3,0
1506153354.31,0
1506153354.33,0
1506153354.33,0
1506153354.35,0
1506153354.35,0
1506153354.38,0
1506153354.38,0
1506153354.38,0
1506153354.39,0
1506153354.41,0
1506153354.41,0
1506153354.43,0
1506153354.43,0
1506153354.46,0
1506153354.46,0
1506153354.46,0
1506153354.47,0
1506153354.49,0
1506153354.49,0
1506153354.51,0
1506153354.51,0
1506153354.54,0
1506153354.54,0
1506153354.54,0
1506153354.55,0
1506153354.57,0
1506153354.57,0
1506153354.59,0
1506153354.59,0
1506153354.62,0
1506153354.62,0
1506153354.63,0
1506153354.63,0
1506153354.65,0
1506153354.65,0
1506153354.68,0
1506153354.68,0
1506153354.68,0
1506153354.69,0
1506153354.71,0
1506153354.71,0
1506153354.73,0
1506153354.73,0
1506153354.76,0
1506153354.76,0
1506153354.76,0
1506153354.77,0
1506153354.79,0
1506153354.79,0
1506153354.82,0
1506153354.82,0
1506153354.82,0
1506153354.83,0
1506153354.85,0
1506153354.85,0
1506153354.88,0
1506153354.88,0
1506153354.88,0
1506153354.89,0
1506153354.91,0
1506153354.91,0
1506153354.94,0
1506153354.94,0
1506153354.94,0
1506153354.95,0
1506153354.97,0
1506153354.97,0
1506153355.0,0
1506153355.0,0
1506153355.0,0
1506153355.01,0
1506153355.03,0
1506153355.03,0
1506153355.06,0
1506153355.06,0
1506153355.06,0
1506153355.07,0
1506153355.09,0
1506153355.09,0
1506153355.11,0
1506153355.11,0
1506153355.14,0
1506153355.14,0
1506153355.14,0
1506153355.15,0
1506153355.16,0
1506153355.17,0
1506153355.19,0
1506153355.19,0
1506153355.22,0
1506153355.22,0
1506153355.22,0
1506153355.23,0
1506153355.25,0
1506153355.25,0
1506153355.28,0
1506153355.28,0
1506153355.28,0
1506153355.29,0
1506153355.31,0
1506153355.31,0
1506153355.36,0
1506153355.36,0
1506153355.36,0
1506153355.36,0
1506153355.37,0
1506153355.37,0
1506153355.39,0
1506153355.39,0
1506153355.42,0
1506153355.42,0
1506153355.42,0
1506153355.43,0
1506153355.45,0
1506153355.45,0
1506153355.48,0
1506153355.48,0
1506153355.48,0
1506153355.49,0
1506153355.51,0
1506153355.51,0
1506153355.54,0
1506153355.54,0
1506153355.54,0
1506153355.56,0
1506153355.56,0
1506153355.57,0
1506153355.59,0
1506153355.59,0
1506153355.62,0
1506153355.62,0
1506153355.62,0
1506153355.64,0
1506153355.65,0
1506153355.65,0
1506153355.68,0
1506153355.68,0
1506153355.68,0
1506153355.69,0
1506153355.71,0
1506153355.71,0
1506153355.74,0
1506153355.74,0
1506153355.74,0
1506153355.75,0
1506153355.77,0
1506153355.77,0
1506153355.79,0
1506153355.79,0
1506153355.82,0
1506153355.82,0
1506153355.82,0
1506153355.83,0
1506153355.85,0
1506153355.85,0
1506153355.88,0
1506153355.88,0
1506153355.88,0
1506153355.89,0
1506153355.91,0
1506153355.91,0
1506153355.94,0
1506153355.94,0
1506153355.94,0
1506153355.95,0
1506153355.97,0
1506153355.97,0
1506153356.02,0
1506153356.02,0
1506153356.02,0
1506153356.02,0
1506153356.02,0
1506153356.03,0
1506153356.05,0
1506153356.05,0
1506153356.08,0
1506153356.08,0
1506153356.08,0
1506153356.09,0
1506153356.11,0
1506153356.11,0
1506153356.14,0
1506153356.14,0
1506153356.14,0
1506153356.15,0
1506153356.16,0
1506153356.17,0
1506153356.19,0
1506153356.19,0
1506153356.22,0
1506153356.22,0
1506153356.22,0
1506153356.23,0
1506153356.25,0
1506153356.25,0
1506153356.27,0
1506153356.28,0
1506153356.28,0
1506153356.29,0
1506153356.31,0
1506153356.31,0
1506153356.34,0
1506153356.34,0
1506153356.34,0
1506153356.35,0
1506153356.37,0
1506153356.37,0
1506153356.4,0
1506153356.4,0
1506153356.4,0
1506153356.41,0
1506153356.43,0
1506153356.43,0
1506153356.44,0
1506153356.45,0
1506153356.46,0
1506153356.46,0
1506153356.48,0
1506153356.49,0
1506153356.51,0
1506153356.51,0
1506153356.53,0
1506153356.53,0
1506153356.56,0
1506153356.56,0
1506153356.56,0
1506153356.57,0
1506153356.58,0
1506153356.59,0
1506153356.61,0
1506153356.61,0
1506153356.63,0
1506153356.64,0
1506153356.64,0
1506153356.65,0
1506153356.67,0
1506153356.67,0
1506153356.7,0
1506153356.7,0
1506153356.7,0
1506153356.71,0
1506153356.73,0
1506153356.73,0
1506153356.79,0
1506153356.79,0
1506153356.8,0
1506153356.8,0
1506153356.8,0
1506153356.8,0
1506153356.81,0
1506153356.81,0
1506153356.83,0
1506153356.83,0
1506153356.86,0
1506153356.86,0
1506153356.86,0
1506153356.87,0
1506153356.89,0
1506153356.89,0
1506153356.91,0
1506153356.91,0
1506153356.94,0
1506153356.94,0
1506153356.95,0
1506153356.95,0
1506153356.97,0
1506153356.97,0
1506153356.98,0
1506153356.99,0
1506153357.02,0
1506153357.02,0
1506153357.02,0
1506153357.04,0
1506153357.05,0
1506153357.05,0
1506153357.06,0
1506153357.07,0
1506153357.11,0
1506153357.11,0
1506153357.12,0
1506153357.12,0
1506153357.13,0
1506153357.13,0
1506153357.15,0
1506153357.15,0
1506153357.17,0
1506153357.18,0
1506153357.18,0
1506153357.19,0
1506153357.21,0
1506153357.21,0
1506153357.25,0
1506153357.26,0
1506153357.26,0
1506153357.26,0
1506153357.27,0
1506153357.27,0
1506153357.29,0
1506153357.29,0
1506153357.32,0
1506153357.32,0
1506153357.32,0
1506153357.33,0
1506153357.35,0
1506153357.35,0
1506153357.36,0
1506153357.37,0
1506153357.39,0
1506153357.4,0
1506153357.4,0
1506153357.41,0
1506153357.43,0
1506153357.43,0
1506153357.45,0
1506153357.46,0
1506153357.46,0
1506153357.47,0
1506153357.49,0
1506153357.49,0
1506153357.51,0
1506153357.52,0
1506153357.52,0
1506153357.53,0
1506153357.55,0
1506153357.55,0
1506153357.58,0
1506153357.58,0
1506153357.58,0
1506153357.59,0
1506153357.59,0
1506153357.61,0
1506153357.63,0
1506153357.63,0
1506153357.65,0
1506153357.66,0
1506153357.66,0
1506153357.68,0
1506153357.69,0
1506153357.69,0
1506153357.71,0
1506153357.72,0
1506153357.72,0
1506153357.73,0
1506153357.75,0
1506153357.75,0
1506153357.78,0
1506153357.78,0
1506153357.78,0
1506153357.79,0
1506153357.81,0
1506153357.81,0
1506153357.82,0
1506153357.83,0
1506153357.86,0
1506153357.86,0
1506153357.86,0
1506153357.87,0
1506153357.89,0
1506153357.89,0
1506153357.91,0
1506153357.92,0
1506153357.92,0
1506153357.93,0
1506153357.95,0
1506153357.95,0
1506153358.0,0
1506153358.0,0
1506153358.0,0
1506153358.0,0
1506153358.0,0
1506153358.01,0
1506153358.03,0
1506153358.03,0
1506153358.04,0
1506153358.05,0
1506153358.08,0
1506153358.08,0
1506153358.08,0
1506153358.09,0
1506153358.11,0
1506153358.11,0
1506153358.13,0
1506153358.14,0
1506153358.14,0
1506153358.15,0
1506153358.17,0
1506153358.17,0
1506153358.18,0
1506153358.18,0
1506153358.22,0
1506153358.22,0
1506153358.22,0
1506153358.23,0
1506153358.27,0
1506153358.27,0
1506153358.27,0
1506153358.27,0
1506153358.3,0
1506153358.3,0
1506153358.3,0
1506153358.31,0
1506153358.33,0
1506153358.33,0
1506153358.37,0
1506153358.37,0
1506153358.38,0
1506153358.38,0
1506153358.38,0
1506153358.39,0
1506153358.4,0
1506153358.41,0
1506153358.43,0
1506153358.44,0
1506153358.44,0
1506153358.45,0
1506153358.47,0
1506153358.47,0
1506153358.53,0
1506153358.53,0
1506153358.53,0
1506153358.54,0
1506153358.54,0
1506153358.54,0
1506153358.55,0
1506153358.55,0
1506153358.57,0
1506153358.58,0
1506153358.58,0
1506153358.59,0
1506153358.61,0
1506153358.61,0
1506153358.62,0
1506153358.62,0
1506153358.65,0
1506153358.65,0
1506153358.66,0
1506153358.67,0
1506153358.68,0
1506153358.69,0
1506153358.71,0
1506153358.71,0
1506153358.72,0
1506153358.73,0
1506153358.75,0
1506153358.75,0
1506153358.77,0
1506153358.77,0
1506153358.79,0
1506153358.79,0
1506153358.8,0
1506153358.81,0
1506153358.83,0
1506153358.84,0
1506153358.84,0
1506153358.85,0
1506153358.87,0
1506153358.87,0
1506153358.89,0
1506153358.89,0
1506153358.9,0
1506153358.91,0
1506153358.93,0
1506153358.93,0
1506153358.95,0
1506153358.96,0
1506153358.96,0
1506153358.97,0
1506153358.99,0
1506153358.99,0
1506153359.0,0
1506153359.0,0
1506153359.03,0
1506153359.04,0
1506153359.04,0
1506153359.05,0
1506153359.07,0
1506153359.07,0
1506153359.09,0
1506153359.09,0
1506153359.1,0
1506153359.11,0
1506153359.12,0
1506153359.13,0
1506153359.16,0
1506153359.16,0
1506153359.16,0
1506153359.16,0
1506153359.17,0
1506153359.19,0
1506153359.19,0
1506153359.21,0
1506153359.22,0
1506153359.23,0
1506153359.25,0
1506153359.26,0
1506153359.26,0
1506153359.27,0
1506153359.29,0
1506153359.29,0
1506153359.31,0
1506153359.31,0
1506153359.32,0
1506153359.33,0
1506153359.34,0
1506153359.35,0
1506153359.39,0
1506153359.39,0
1506153359.4,0
1506153359.4,0
1506153359.4,0
1506153359.41,0
1506153359.42,0
1506153359.43,0
1506153359.45,0
1506153359.45,0
1506153359.46,0
1506153359.47,0
1506153359.49,0
1506153359.49,0
1506153359.53,0
1506153359.54,0
1506153359.54,0
1506153359.54,0
1506153359.54,0
1506153359.55,0
1506153359.57,0
1506153359.57,0
1506153359.61,0
1506153359.61,0
1506153359.61,0
1506153359.62,0
1506153359.63,0
1506153359.63,0
1506153359.64,0
1506153359.64,0
1506153359.67,0
1506153359.68,0
1506153359.68,0
1506153359.69,0
1506153359.71,0
1506153359.71,0
1506153359.72,0
1506153359.72,0
1506153359.74,0
1506153359.74,0
1506153359.76,0
1506153359.76,0
1506153359.77,0
1506153359.79,0
1506153359.8,0
1506153359.81,0
1506153359.85,0
1506153359.85,0
1506153359.85,0
1506153359.86,0
1506153359.87,0
1506153359.87,0
1506153359.88,0
1506153359.89,0
1506153359.91,0
1506153359.91,0
1506153359.92,0
1506153359.93,0
1506153359.95,0
1506153359.95,0
1506153359.96,0
1506153359.96,0
1506153359.99,0
1506153359.99,0
1506153359.99,0
1506153360.01,0
1506153360.02,0
1506153360.03,0
1506153360.05,0
1506153360.06,0
1506153360.06,0
1506153360.07,0
1506153360.09,0
1506153360.09,0
1506153360.11,0
1506153360.11,0
1506153360.12,0
1506153360.13,0
1506153360.15,0
1506153360.15,0
1506153360.16,0
1506153360.16,0
1506153360.19,0
1506153360.19,0
1506153360.19,0
1506153360.21,0
1506153360.22,0
1506153360.23,0
1506153360.25,0
1506153360.25,0
1506153360.26,0
1506153360.27,0
1506153360.28,0
1506153360.29,0
1506153360.31,0
1506153360.31,0
1506153360.32,0
1506153360.33,0
1506153360.34,0
1506153360.35,0
1506153360.39,0
1506153360.39,0
1506153360.39,0
1506153360.39,0
1506153360.4,0
1506153360.41,0
1506153360.42,0
1506153360.42,0
1506153360.45,0
1506153360.45,0
1506153360.46,0
1506153360.47,0
1506153360.48,0
1506153360.49,0
1506153360.51,0
1506153360.51,0
1506153360.52,0
1506153360.53,0
1506153360.54,0
1506153360.55,0
1506153360.57,0
1506153360.58,0
1506153360.58,0
1506153360.59,0
1506153360.6,0
1506153360.61,0
1506153360.62,0
1506153360.62,0
1506153360.65,0
1506153360.65,0
1506153360.66,0
1506153360.67,0
1506153360.68,0
1506153360.69,0
1506153360.7,0
1506153360.7,0
1506153360.73,0
1506153360.73,0
1506153360.73,0
1506153360.75,0
1506153360.76,0
1506153360.76,0
1506153360.79,0
1506153360.79,0
1506153360.79,0
1506153360.81,0
1506153360.82,0
1506153360.83,0
1506153360.85,0
1506153360.86,0
1506153360.86,0
1506153360.87,0
1506153360.88,0
1506153360.89,0
1506153360.91,0
1506153360.92,0
1506153360.92,0
1506153360.93,0
1506153360.94,0
1506153360.95,0
1506153360.96,0
1506153360.97,0
1506153360.99,0
1506153361.0,0
1506153361.0,0
1506153361.01,0
1506153361.02,0
1506153361.02,0
1506153361.05,0
1506153361.05,0
1506153361.05,0
1506153361.07,0
1506153361.08,0
1506153361.08,0
1506153361.11,0
1506153361.11,0
1506153361.11,0
1506153361.13,0
1506153361.14,0
1506153361.14,0
1506153361.17,0
1506153361.17,0
1506153361.17,0
1506153361.19,0
1506153361.2,0
1506153361.2,0
1506153361.23,0
1506153361.23,0
1506153361.23,0
1506153361.25,0
1506153361.26,0
1506153361.27,0
1506153361.29,0
1506153361.29,0
1506153361.3,0
1506153361.31,0
1506153361.32,0
1506153361.32,0
1506153361.35,0
1506153361.35,0
1506153361.36,0
1506153361.37,0
1506153361.38,0
1506153361.39,0
1506153361.4,0
1506153361.4,0
1506153361.43,0
1506153361.43,0
1506153361.43,0
1506153361.45,0
1506153361.46,0
1506153361.47,0
1506153361.49,0
1506153361.49,0
1506153361.5,0
1506153361.51,0
1506153361.52,0
1506153361.53,0
1506153361.55,0
1506153361.55,0
1506153361.55,0
1506153361.57,0
1506153361.58,0
1506153361.58,0
1506153361.6,0
1506153361.6,0
1506153361.63,0
1506153361.63,0
1506153361.64,0
1506153361.65,0
1506153361.66,0
1506153361.66,0
1506153361.69,0
1506153361.69,0
1506153361.69,0
1506153361.71,0
1506153361.72,0
1506153361.73,0
1506153361.75,0
1506153361.76,0
1506153361.76,0
1506153361.77,0
1506153361.78,0
1506153361.79,0
1506153361.83,0
1506153361.83,0
1506153361.84,0
1506153361.84,0
1506153361.84,0
1506153361.85,0
1506153361.86,0
1506153361.87,0
1506153361.89,0
1506153361.9,0
1506153361.9,0
1506153361.91,0
1506153361.92,0
1506153361.93,0
1506153361.94,0
1506153361.94,0
1506153361.97,0
1506153361.97,0
1506153361.97,0
1506153361.99,0
1506153362.0,0
1506153362.0,0
1506153362.03,0
1506153362.03,0
1506153362.03,0
1506153362.05,0
1506153362.06,0
1506153362.06,0
1506153362.08,0
1506153362.08,0
1506153362.1,0
1506153362.1,0
1506153362.11,0
1506153362.13,0
1506153362.13,0
1506153362.15,0
1506153362.16,0
1506153362.16,0
1506153362.18,0
1506153362.18,0
1506153362.21,0
1506153362.21,0
1506153362.21,0
1506153362.23,0
1506153362.24,0
1506153362.24,0
1506153362.27,0
1506153362.27,0
1506153362.27,0
1506153362.29,0
1506153362.3,0
1506153362.3,0
1506153362.33,0
1506153362.33,0
1506153362.33,0
1506153362.35,0
1506153362.36,0
1506153362.37,0
1506153362.38,0
1506153362.38,0
1506153362.41,0
1506153362.41,0
1506153362.41,0
1506153362.43,0
1506153362.44,0
1506153362.44,0
1506153362.47,0
1506153362.47,0
1506153362.47,0
1506153362.49,0
1506153362.5,0
1506153362.5,0
1506153362.54,0
1506153362.54,0
1506153362.54,0
1506153362.57,0
1506153362.57,0
1506153362.57,0
1506153362.58,0
1506153362.58,0
1506153362.6,0
1506153362.6,0
1506153362.63,0
1506153362.63,0
1506153362.63,0
1506153362.65,0
1506153362.66,0
1506153362.66,0
1506153362.69,0
1506153362.7,0
1506153362.7,0
1506153362.71,0
1506153362.72,0
1506153362.73,0
1506153362.74,0
1506153362.74,0
1506153362.77,0
1506153362.77,0
1506153362.77,0
1506153362.79,0
1506153362.8,0
1506153362.8,0
1506153362.83,0
1506153362.83,0
1506153362.83,0
1506153362.85,0
1506153362.86,0
1506153362.86,0
1506153362.88,0
1506153362.88,0
1506153362.91,0
1506153362.91,0
1506153362.91,0
1506153362.93,0
1506153362.93,0
1506153362.94,0
1506153362.96,0
1506153362.96,0
1506153362.99,0
1506153362.99,0
1506153362.99,0
1506153363.01,0
1506153363.02,0
1506153363.02,0
1506153363.05,0
1506153363.05,0
1506153363.05,0
1506153363.07,0
1506153363.08,0
1506153363.08,0
1506153363.11,0
1506153363.11,0
1506153363.11,0
1506153363.13,0
1506153363.14,0
1506153363.14,0
1506153363.17,0
1506153363.17,0
1506153363.17,0
1506153363.19,0
1506153363.2,0
1506153363.2,0
1506153363.22,0
1506153363.22,0
1506153363.25,0
1506153363.25,0
1506153363.26,0
1506153363.26,0
1506153363.28,0
1506153363.28,0
1506153363.31,0
1506153363.31,0
1506153363.31,0
1506153363.33,0
1506153363.34,0
1506153363.34,0
1506153363.36,0
1506153363.36,0
1506153363.39,0
1506153363.39,0
1506153363.39,0
1506153363.41,0
1506153363.42,0
1506153363.42,0
1506153363.45,0
1506153363.45,0
1506153363.45,0
1506153363.47,0
1506153363.48,0
1506153363.48,0
1506153363.5,0
1506153363.5,0
1506153363.53,0
1506153363.53,0
1506153363.54,0
1506153363.55,0
1506153363.56,0
1506153363.56,0
1506153363.59,0
1506153363.59,0
1506153363.59,0
1506153363.61,0
1506153363.62,0
1506153363.62,0
1506153363.64,0
1506153363.64,0
1506153363.67,0
1506153363.67,0
1506153363.67,0
1506153363.69,0
1506153363.7,0
1506153363.7,0
1506153363.73,0
1506153363.73,0
1506153363.73,0
1506153363.75,0
1506153363.76,0
1506153363.76,0
1506153363.79,0
1506153363.79,0
1506153363.79,0
1506153363.81,0
1506153363.82,0
1506153363.82,0
1506153363.84,0
1506153363.84,0
1506153363.87,0
1506153363.87,0
1506153363.87,0
1506153363.88,0
1506153363.9,0
1506153363.9,0
1506153363.93,0
1506153363.93,0
1506153363.93,0
1506153363.94,0
1506153363.96,0
1506153363.96,0
1506153363.99,0
1506153363.99,0
1506153363.99,0
1506153364.01,0
1506153364.02,0
1506153364.02,0
1506153364.04,0
1506153364.04,0
1506153364.07,0
1506153364.07,0
1506153364.07,0
1506153364.09,0
1506153364.1,0
1506153364.1,0
1506153364.12,0
1506153364.12,0
1506153364.15,0
1506153364.15,0
1506153364.15,0
1506153364.16,0
1506153364.18,0
1506153364.18,0
1506153364.21,0
1506153364.21,0
1506153364.21,0
1506153364.22,0
1506153364.24,0
1506153364.24,0
1506153364.26,0
1506153364.26,0
1506153364.29,0
1506153364.29,0
1506153364.3,0
1506153364.31,0
1506153364.32,0
1506153364.32,0
1506153364.34,0
1506153364.34,0
1506153364.37,0
1506153364.37,0
1506153364.38,0
1506153364.38,0
1506153364.4,0
1506153364.4,0
1506153364.43,0
1506153364.43,0
1506153364.43,0
1506153364.44,0
1506153364.46,0
1506153364.46,0
1506153364.49,0
1506153364.49,0
1506153364.49,0
1506153364.5,0
1506153364.51,0
1506153364.52,0
1506153364.54,0
1506153364.54,0
1506153364.57,0
1506153364.57,0
1506153364.57,0
1506153364.58,0
1506153364.6,0
1506153364.6,0
1506153364.62,0
1506153364.62,0
1506153364.65,0
1506153364.65,0
1506153364.65,0
1506153364.66,0
1506153364.68,0
1506153364.68,0
1506153364.71,0
1506153364.71,0
1506153364.71,0
1506153364.72,0
1506153364.74,0
1506153364.74,0
1506153364.77,0
1506153364.78,0
1506153364.78,0
1506153364.78,0
1506153364.79,0
1506153364.81,0
1506153364.81,0
1506153364.82,0
1506153364.84,0
1506153364.84,0
1506153364.87,0
1506153364.87,0
1506153364.87,0
1506153364.88,0
1506153364.9,0
1506153364.9,0
1506153364.92,0
1506153364.92,0
1506153364.95,0
1506153364.95,0
1506153364.95,0
1506153364.96,0
1506153364.98,0
1506153364.98,0
1506153365.01,0
1506153365.01,0
1506153365.01,0
1506153365.02,0
1506153365.04,0
1506153365.04,0
1506153365.07,0
1506153365.07,0
1506153365.08,0
1506153365.08,0
1506153365.1,0
1506153365.1,0
1506153365.13,0
1506153365.13,0
1506153365.13,0
1506153365.14,0
1506153365.16,0
1506153365.16,0
1506153365.19,0
1506153365.19,0
1506153365.19,0
1506153365.2,0
1506153365.21,0
1506153365.22,0
1506153365.27,0
1506153365.27,0
1506153365.27,0
1506153365.27,0
1506153365.27,0
1506153365.28,0
1506153365.3,0
1506153365.3,0
1506153365.33,0
1506153365.33,0
1506153365.33,0
1506153365.34,0
1506153365.36,0
1506153365.36,0
1506153365.41,0
1506153365.41,0
1506153365.41,0
1506153365.41,0
1506153365.41,0
1506153365.42,0
1506153365.44,0
1506153365.44,0
1506153365.47,0
1506153365.47,0
1506153365.47,0
1506153365.48,0
1506153365.5,0
1506153365.5,0
1506153365.53,0
1506153365.53,0
1506153365.53,0
1506153365.55,0
1506153365.56,0
1506153365.56,0
1506153365.58,0
1506153365.58,0
1506153365.61,0
1506153365.61,0
1506153365.61,0
1506153365.62,0
1506153365.63,0
1506153365.64,0
1506153365.67,0
1506153365.67,0
1506153365.67,0
1506153365.68,0
1506153365.7,0
1506153365.7,0
1506153365.72,0
1506153365.72,0
1506153365.75,0
1506153365.75,0
1506153365.75,0
1506153365.76,0
1506153365.78,0
1506153365.78,0
1506153365.81,0
1506153365.81,0
1506153365.82,0
1506153365.82,0
1506153365.84,0
1506153365.84,0
1506153365.86,0
1506153365.86,0
1506153365.89,0
1506153365.89,0
1506153365.89,0
1506153365.9,0
1506153365.92,0
1506153365.92,0
1506153365.94,0
1506153365.94,0
1506153365.97,0
1506153365.97,0
1506153365.97,0
1506153365.98,0
1506153366.0,0
1506153366.0,0
1506153366.02,0
1506153366.02,0
1506153366.05,0
1506153366.05,0
1506153366.06,0
1506153366.06,0
1506153366.08,0
1506153366.08,0
1506153366.11,0
1506153366.11,0
1506153366.11,0
1506153366.12,0
1506153366.14,0
1506153366.14,0
1506153366.17,0
1506153366.17,0
1506153366.17,0
1506153366.18,0
1506153366.2,0
1506153366.2,0
1506153366.22,0
1506153366.22,0
1506153366.25,0
1506153366.25,0
1506153366.25,0
1506153366.26,0
1506153366.28,0
1506153366.28,0
1506153366.31,0
1506153366.31,0
1506153366.31,0
1506153366.32,0
1506153366.34,0
1506153366.34,0
1506153366.37,0
1506153366.37,0
1506153366.37,0
1506153366.38,0
1506153366.4,0
1506153366.4,0
1506153366.42,0
1506153366.42,0
1506153366.45,0
1506153366.45,0
1506153366.45,0
1506153366.46,0
1506153366.48,0
1506153366.48,0
1506153366.51,0
1506153366.51,0
1506153366.51,0
1506153366.52,0
1506153366.54,0
1506153366.54,0
1506153366.56,0
1506153366.56,0
1506153366.59,0
1506153366.59,0
1506153366.59,0
1506153366.6,0
1506153366.64,0
1506153366.64,0
1506153366.64,0
1506153366.65,0
1506153366.67,0
1506153366.67,0
1506153366.67,0
1506153366.68,0
1506153366.7,0
1506153366.7,0
1506153366.73,0
1506153366.73,0
1506153366.73,0
1506153366.74,0
1506153366.78,0
1506153366.78,0
1506153366.78,0
1506153366.78,0
1506153366.81,0
1506153366.81,0
1506153366.81,0
1506153366.82,0
1506153366.84,0
1506153366.84,0
1506153366.87,0
1506153366.87,0
1506153366.87,0
1506153366.88,0
1506153366.9,0
1506153366.9,0
1506153366.93,0
1506153366.93,0
1506153366.93,0
1506153366.94,0
1506153366.96,0
1506153366.96,0
1506153366.99,0
1506153366.99,0
1506153366.99,0
1506153367.0,0
1506153367.02,0
1506153367.02,0
1506153367.06,0
1506153367.07,0
1506153367.07,0
1506153367.07,0
1506153367.08,0
1506153367.08,0
1506153367.1,0
1506153367.1,0
1506153367.13,0
1506153367.13,0
1506153367.13,0
1506153367.14,0
1506153367.16,0
1506153367.16,0
1506153367.19,0
1506153367.19,0
1506153367.19,0
1506153367.2,0
1506153367.22,0
1506153367.22,0
1506153367.23,0
1506153367.24,0
1506153367.27,0
1506153367.27,0
1506153367.27,0
1506153367.28,0
1506153367.3,0
1506153367.3,0
1506153367.35,0
1506153367.35,0
1506153367.35,0
1506153367.35,0
1506153367.35,0
1506153367.36,0
1506153367.37,0
1506153367.38,0
1506153367.4,0
1506153367.4,0
1506153367.43,0
1506153367.43,0
1506153367.43,0
1506153367.44,0
1506153367.45,0
1506153367.46,0
1506153367.48,0
1506153367.48,0
1506153367.51,0
1506153367.51,0
1506153367.51,0
1506153367.52,0
1506153367.54,0
1506153367.54,0
1506153367.57,0
1506153367.57,0
1506153367.57,0
1506153367.58,0
1506153367.6,0
1506153367.6,0
1506153367.63,0
1506153367.63,0
1506153367.63,0
1506153367.64,0
1506153367.66,0
1506153367.66,0
1506153367.69,0
1506153367.69,0
1506153367.69,0
1506153367.7,0
1506153367.72,0
1506153367.72,0
1506153367.75,0
1506153367.75,0
1506153367.75,0
1506153367.76,0
1506153367.78,0
1506153367.78,0
1506153367.8,0
1506153367.8,0
1506153367.83,0
1506153367.83,0
1506153367.83,0
1506153367.84,0
1506153367.86,0
1506153367.86,0
1506153367.88,0
1506153367.89,0
1506153367.89,0
1506153367.9,0
1506153367.92,0
1506153367.92,0
1506153367.95,0
1506153367.95,0
1506153367.95,0
1506153367.96,0
1506153367.96,0
1506153367.98,0
1506153368.01,0
1506153368.01,0
1506153368.01,0
1506153368.02,0
1506153368.04,0
1506153368.04,0
1506153368.05,0
1506153368.06,0
1506153368.08,0
1506153368.09,0
1506153368.09,0
1506153368.1,0
1506153368.12,0
1506153368.12,0
1506153368.15,0
1506153368.15,0
1506153368.15,0
1506153368.16,0
1506153368.18,0
1506153368.18,0
1506153368.21,0
1506153368.21,0
1506153368.21,0
1506153368.24,0
1506153368.24,0
1506153368.25,0
1506153368.26,0
1506153368.26,0
1506153368.29,0
1506153368.29,0
1506153368.29,0
1506153368.3,0
1506153368.32,0
1506153368.32,0
1506153368.35,0
1506153368.35,0
1506153368.35,0
1506153368.36,0
1506153368.38,0
1506153368.38,0
1506153368.4,0
1506153368.41,0
1506153368.41,0
1506153368.42,0
1506153368.44,0
1506153368.44,0
1506153368.47,0
1506153368.47,0
1506153368.47,0
1506153368.48,0
1506153368.5,0
1506153368.5,0
1506153368.55,0
1506153368.55,0
1506153368.55,0
1506153368.55,0
1506153368.55,0
1506153368.56,0
1506153368.58,0
1506153368.58,0
1506153368.59,0
1506153368.6,0
1506153368.63,0
1506153368.63,0
1506153368.63,0
1506153368.64,0
1506153368.66,0
1506153368.66,0
1506153368.69,0
1506153368.69,0
1506153368.69,0
1506153368.7,0
1506153368.72,0
1506153368.72,0
1506153368.73,0
1506153368.74,0
1506153368.77,0
1506153368.77,0
1506153368.77,0
1506153368.78,0
1506153368.8,0
1506153368.8,0
1506153368.81,0
1506153368.82,0
1506153368.84,0
1506153368.85,0
1506153368.85,0
1506153368.86,0
1506153368.88,0
1506153368.88,0
1506153368.91,0
1506153368.91,0
1506153368.91,0
1506153368.92,0
1506153368.94,0
1506153368.94,0
1506153368.96,0
1506153368.97,0
1506153368.97,0
1506153368.98,0
1506153369.0,0
1506153369.0,0
1506153369.04,0
1506153369.05,0
1506153369.05,0
1506153369.05,0
1506153369.05,0
1506153369.06,0
1506153369.08,0
1506153369.08,0
1506153369.11,0
1506153369.11,0
1506153369.11,0
1506153369.12,0
1506153369.14,0
1506153369.14,0
1506153369.16,0
1506153369.17,0
1506153369.17,0
1506153369.18,0
1506153369.2,0
1506153369.2,0
1506153369.21,0
1506153369.22,0
1506153369.24,0
1506153369.25,0
1506153369.25,0
1506153369.26,0
1506153369.28,0
1506153369.28,0
1506153369.3,0
1506153369.31,0
1506153369.31,0
1506153369.32,0
1506153369.34,0
1506153369.34,0
1506153369.37,0
1506153369.37,0
1506153369.37,0
1506153369.38,0
1506153369.38,0
1506153369.4,0
1506153369.43,0
1506153369.43,0
1506153369.43,0
1506153369.44,0
1506153369.44,0
1506153369.46,0
1506153369.47,0
1506153369.48,0
1506153369.5,0
1506153369.51,0
1506153369.51,0
1506153369.52,0
1506153369.54,0
1506153369.54,0
1506153369.57,0
1506153369.57,0
1506153369.57,0
1506153369.58,0
1506153369.6,0
1506153369.6,0
1506153369.61,0
1506153369.62,0
1506153369.64,0
1506153369.64,0
1506153369.66,0
1506153369.66,0
1506153369.67,0
1506153369.68,0
1506153369.7,0
1506153369.7,0
1506153369.71,0
1506153369.72,0
1506153369.73,0
1506153369.74,0
1506153369.76,0
1506153369.76,0
1506153369.77,0
1506153369.78,0
1506153369.8,0
1506153369.8,0
1506153369.84,0
1506153369.85,0
1506153369.85,0
1506153369.85,0
1506153369.85,0
1506153369.86,0
1506153369.88,0
1506153369.88,0
1506153369.89,0
1506153369.9,0
1506153369.93,0
1506153369.93,0
1506153369.93,0
1506153369.94,0
1506153369.96,0
1506153369.96,0
1506153369.97,0
1506153369.97,0
1506153370.0,0
1506153370.01,0
1506153370.01,0
1506153370.02,0
1506153370.04,0
1506153370.04,0
1506153370.06,0
1506153370.07,0
1506153370.07,0
1506153370.08,0
1506153370.1,0
1506153370.1,0
1506153370.11,0
1506153370.11,0
1506153370.13,0
1506153370.16,0
1506153370.16,0
1506153370.16,0
1506153370.17,0
1506153370.18,0
1506153370.19,0
1506153370.2,0
1506153370.22,0
1506153370.23,0
1506153370.23,0
1506153370.24,0
1506153370.26,0
1506153370.26,0
1506153370.29,0
1506153370.29,0
1506153370.29,0
1506153370.3,0
1506153370.3,0
1506153370.32,0
1506153370.33,0
1506153370.34,0
1506153370.36,0
1506153370.37,0
1506153370.37,0
1506153370.38,0
1506153370.4,0
1506153370.4,0
1506153370.41,0
1506153370.41,0
1506153370.44,0
1506153370.45,0
1506153370.45,0
1506153370.46,0
1506153370.48,0
1506153370.48,0
1506153370.49,0
1506153370.49,0
1506153370.52,0
1506153370.52,0
1506153370.53,0
1506153370.54,0
1506153370.55,0
1506153370.56,0
1506153370.58,0
1506153370.58,0
1506153370.59,0
1506153370.6,0
1506153370.61,0
1506153370.62,0
1506153370.64,0
1506153370.65,0
1506153370.65,0
1506153370.66,0
1506153370.68,0
1506153370.68,0
1506153370.69,0
1506153370.7,0
1506153370.73,0
1506153370.73,0
1506153370.73,0
1506153370.74,0
1506153370.76,0
1506153370.76,0
1506153370.77,0
1506153370.78,0
1506153370.8,0
1506153370.8,0
1506153370.81,0
1506153370.82,0
1506153370.83,0
1506153370.84,0
1506153370.85,0
1506153370.85,0
1506153370.88,0
1506153370.88,0
1506153370.9,0
1506153370.9,0
1506153370.91,0
1506153370.92,0
1506153370.94,0
1506153370.94,0
1506153370.95,0
1506153370.96,0
1506153370.97,0
1506153370.98,0
1506153371.0,0
1506153371.01,0
1506153371.01,0
1506153371.02,0
1506153371.03,0
1506153371.04,0
1506153371.05,0
1506153371.05,0
1506153371.08,0
1506153371.08,0
1506153371.09,0
1506153371.1,0
1506153371.11,0
1506153371.12,0
1506153371.14,0
1506153371.14,0
1506153371.15,0
1506153371.16,0
1506153371.18,0
1506153371.18,0
1506153371.19,0
1506153371.19,0
1506153371.22,0
1506153371.22,0
1506153371.23,0
1506153371.24,0
1506153371.25,0
1506153371.26,0
1506153371.3,0
1506153371.3,0
1506153371.31,0
1506153371.31,0
1506153371.31,0
1506153371.32,0
1506153371.33,0
1506153371.34,0
1506153371.36,0
1506153371.36,0
1506153371.37,0
1506153371.38,0
1506153371.39,0
1506153371.4,0
1506153371.44,0
1506153371.44,0
1506153371.44,0
1506153371.45,0
1506153371.46,0
1506153371.46,0
1506153371.47,0
1506153371.47,0
1506153371.5,0
1506153371.51,0
1506153371.51,0
1506153371.52,0
1506153371.53,0
1506153371.54,0
1506153371.56,0
1506153371.57,0
1506153371.57,0
1506153371.58,0
1506153371.59,0
1506153371.6,0
1506153371.62,0
1506153371.62,0
1506153371.63,0
1506153371.64,0
1506153371.65,0
1506153371.66,0
1506153371.68,0
1506153371.68,0
1506153371.69,0
1506153371.7,0
1506153371.71,0
1506153371.72,0
1506153371.74,0
1506153371.74,0
1506153371.75,0
1506153371.76,0
1506153371.77,0
1506153371.78,0
1506153371.79,0
1506153371.79,0
1506153371.82,0
1506153371.82,0
1506153371.82,0
1506153371.84,0
1506153371.85,0
1506153371.85,0
1506153371.88,0
1506153371.88,0
1506153371.88,0
1506153371.9,0
1506153371.91,0
1506153371.92,0
1506153371.94,0
1506153371.94,0
1506153371.95,0
1506153371.96,0
1506153371.97,0
1506153371.98,0
1506153371.99,0
1506153371.99,0
1506153372.02,0
1506153372.02,0
1506153372.02,0
1506153372.04,0
1506153372.05,0
1506153372.06,0
1506153372.08,0
1506153372.08,0
1506153372.09,0
1506153372.1,0
1506153372.11,0
1506153372.12,0
1506153372.14,0
1506153372.14,0
1506153372.15,0
1506153372.16,0
1506153372.17,0
1506153372.18,0
1506153372.19,0
1506153372.19,0
1506153372.22,0
1506153372.22,0
1506153372.23,0
1506153372.24,0
1506153372.25,0
1506153372.25,0
1506153372.28,0
1506153372.28,0
1506153372.29,0
1506153372.3,0
1506153372.31,0
1506153372.32,0
1506153372.33,0
1506153372.34,0
1506153372.36,0
1506153372.37,0
1506153372.37,0
1506153372.38,0
1506153372.39,0
1506153372.4,0
1506153372.41,0
1506153372.41,0
1506153372.44,0
1506153372.44,0
1506153372.44,0
1506153372.46,0
1506153372.47,0
1506153372.47,0
1506153372.49,0
1506153372.49,0
1506153372.52,0
1506153372.52,0
1506153372.55,0
1506153372.55,0
1506153372.56,0
1506153372.56,0
1506153372.58,0
1506153372.58,0
1506153372.58,0
1506153372.6,0
1506153372.61,0
1506153372.61,0
1506153372.64,0
1506153372.64,0
1506153372.64,0
1506153372.66,0
1506153372.67,0
1506153372.67,0
1506153372.7,0
1506153372.7,0
1506153372.7,0
1506153372.72,0
1506153372.73,0
1506153372.73,0
1506153372.76,0
1506153372.76,0
1506153372.76,0
1506153372.78,0
1506153372.79,0
1506153372.79,0
1506153372.81,0
1506153372.81,0
1506153372.84,0
1506153372.84,0
1506153372.84,0
1506153372.86,0
1506153372.87,0
1506153372.87,0
1506153372.9,0
1506153372.9,0
1506153372.9,0
1506153372.92,0
1506153372.93,0
1506153372.93,0
1506153372.95,0
1506153372.95,0
1506153372.98,0
1506153372.98,0
1506153372.99,0
1506153373.0,0
1506153373.0,0
1506153373.01,0
1506153373.03,0
1506153373.03,0
1506153373.06,0
1506153373.06,0
1506153373.06,0
1506153373.08,0
1506153373.09,0
1506153373.09,0
1506153373.14,0
1506153373.15,0
1506153373.15,0
1506153373.15,0
1506153373.15,0
1506153373.18,0
1506153373.18,0
1506153373.18,0
1506153373.2,0
1506153373.21,0
1506153373.21,0
1506153373.22,0
1506153373.22,0
1506153373.23,0
1506153373.28,0
1506153373.28,0
1506153373.28,0
1506153373.28,0
1506153373.29,0
1506153373.3,0
1506153373.31,0
1506153373.31,0
1506153373.34,0
1506153373.34,0
1506153373.34,0
1506153373.36,0
1506153373.37,0
1506153373.37,0
1506153373.4,0
1506153373.4,0
1506153373.4,0
1506153373.42,0
1506153373.43,0
1506153373.43,0
1506153373.45,0
1506153373.45,0
1506153373.48,0
1506153373.48,0
1506153373.48,0
1506153373.5,0
1506153373.51,0
1506153373.51,0
1506153373.54,0
1506153373.54,0
1506153373.54,0
1506153373.56,0
1506153373.57,0
1506153373.57,0
1506153373.59,0
1506153373.59,0
1506153373.62,0
1506153373.62,0
1506153373.62,0
1506153373.64,0
1506153373.65,0
1506153373.65,0
1506153373.67,0
1506153373.67,0
1506153373.7,0
1506153373.7,0
1506153373.7,0
1506153373.72,0
1506153373.73,0
1506153373.73,0
1506153373.76,0
1506153373.76,0
1506153373.76,0
1506153373.78,0
1506153373.79,0
1506153373.79,0
1506153373.82,0
1506153373.82,0
1506153373.82,0
1506153373.84,0
1506153373.85,0
1506153373.85,0
1506153373.88,0
1506153373.88,0
1506153373.88,0
1506153373.9,0
1506153373.91,0
1506153373.91,0
1506153373.93,0
1506153373.93,0
1506153373.95,0
1506153373.95,0
1506153373.96,0
1506153373.98,0
1506153374.01,0
1506153374.01,0
1506153374.02,0
1506153374.02,0
1506153374.04,0
1506153374.04,0
1506153374.04,0
1506153374.06,0
1506153374.07,0
1506153374.07,0
1506153374.1,0
1506153374.1,0
1506153374.1,0
1506153374.12,0
1506153374.13,0
1506153374.13,0
1506153374.16,0
1506153374.16,0
1506153374.16,0
1506153374.18,0
1506153374.19,0
1506153374.19,0
1506153374.21,0
1506153374.21,0
1506153374.24,0
1506153374.24,0
1506153374.24,0
1506153374.25,0
1506153374.27,0
1506153374.27,0
1506153374.3,0
1506153374.3,0
1506153374.31,0
1506153374.32,0
1506153374.33,0
1506153374.33,0
1506153374.36,0
1506153374.36,0
1506153374.36,0
1506153374.38,0
1506153374.39,0
1506153374.39,0
1506153374.42,0
1506153374.42,0
1506153374.42,0
1506153374.44,0
1506153374.45,0
1506153374.45,0
1506153374.52,0
1506153374.52,0
1506153374.52,0
1506153374.52,0
1506153374.52,0
1506153374.52,0
1506153374.53,0
1506153374.53,0
1506153374.55,0
1506153374.55,0
1506153374.58,0
1506153374.58,0
1506153374.58,0
1506153374.6,0
1506153374.61,0
1506153374.61,0
1506153374.66,0
1506153374.66,0
1506153374.66,0
1506153374.66,0
1506153374.66,0
1506153374.67,0
1506153374.69,0
1506153374.69,0
1506153374.72,0
1506153374.72,0
1506153374.72,0
1506153374.73,0
1506153374.78,0
1506153374.78,0
1506153374.79,0
1506153374.79,0
1506153374.79,0
1506153374.8,0
1506153374.81,0
1506153374.81,0
1506153374.84,0
1506153374.84,0
1506153374.85,0
1506153374.86,0
1506153374.87,0
1506153374.87,0
1506153374.9,0
1506153374.9,0
1506153374.91,0
1506153374.92,0
1506153374.93,0
1506153374.94,0
1506153374.95,0
1506153374.95,0
1506153374.98,0
1506153374.98,0
1506153374.99,0
1506153374.99,0
1506153375.01,0
1506153375.01,0
1506153375.04,0
1506153375.04,0
1506153375.04,0
1506153375.05,0
1506153375.07,0
1506153375.07,0
1506153375.1,0
1506153375.1,0
1506153375.1,0
1506153375.12,0
1506153375.13,0
1506153375.13,0
1506153375.16,0
1506153375.16,0
1506153375.16,0
1506153375.18,0
1506153375.18,0
1506153375.19,0
1506153375.24,0
1506153375.24,0
1506153375.24,0
1506153375.24,0
1506153375.25,0
1506153375.25,0
1506153375.27,0
1506153375.27,0
1506153375.3,0
1506153375.3,0
1506153375.3,0
1506153375.31,0
1506153375.33,0
1506153375.33,0
1506153375.35,0
1506153375.35,0
1506153375.38,0
1506153375.38,0
1506153375.38,0
1506153375.39,0
1506153375.41,0
1506153375.41,0
1506153375.44,0
1506153375.44,0
1506153375.44,0
1506153375.46,0
1506153375.47,0
1506153375.47,0
1506153375.49,0
1506153375.49,0
1506153375.52,0
1506153375.52,0
1506153375.52,0
1506153375.53,0
1506153375.55,0
1506153375.55,0
1506153375.57,0
1506153375.57,0
1506153375.6,0
1506153375.6,0
1506153375.61,0
1506153375.61,0
1506153375.63,0
1506153375.63,0
1506153375.66,0
1506153375.66,0
1506153375.66,0
1506153375.67,0
1506153375.69,0
1506153375.69,0
1506153375.72,0
1506153375.72,0
1506153375.72,0
1506153375.74,0
1506153375.75,0
1506153375.75,0
1506153375.77,0
1506153375.77,0
1506153375.8,0
1506153375.8,0
1506153375.8,0
1506153375.81,0
1506153375.83,0
1506153375.83,0
1506153375.88,0
1506153375.88,0
1506153375.88,0
1506153375.88,0
1506153375.89,0
1506153375.9,0
1506153375.91,0
1506153375.91,0
1506153375.94,0
1506153375.94,0
1506153375.94,0
1506153375.95,0
1506153375.97,0
1506153375.97,0
1506153376.0,0
1506153376.01,0
1506153376.01,0
1506153376.01,0
1506153376.04,0
1506153376.04,0
1506153376.07,0
1506153376.07,0
1506153376.07,0
1506153376.07,0
1506153376.1,0
1506153376.1,0
1506153376.1,0
1506153376.11,0
1506153376.13,0
1506153376.13,0
1506153376.18,0
1506153376.18,0
1506153376.18,0
1506153376.18,0
1506153376.18,0
1506153376.19,0
1506153376.21,0
1506153376.21,0
1506153376.24,0
1506153376.24,0
1506153376.24,0
1506153376.25,0
1506153376.27,0
1506153376.27,0
1506153376.3,0
1506153376.3,0
1506153376.31,0
1506153376.31,0
1506153376.33,0
1506153376.33,0
1506153376.36,0
1506153376.36,0
1506153376.37,0
1506153376.37,0
1506153376.39,0
1506153376.39,0
1506153376.42,0
1506153376.42,0
1506153376.43,0
1506153376.43,0
1506153376.45,0
1506153376.45,0
1506153376.47,0
1506153376.47,0
1506153376.5,0
1506153376.5,0
1506153376.5,0
1506153376.51,0
1506153376.53,0
1506153376.53,0
1506153376.56,0
1506153376.56,0
1506153376.56,0
1506153376.57,0
1506153376.59,0
1506153376.59,0
1506153376.62,0
1506153376.62,0
1506153376.62,0
1506153376.63,0
1506153376.65,0
1506153376.65,0
1506153376.69,0
1506153376.7,0
1506153376.7,0
1506153376.7,0
1506153376.71,0
1506153376.71,0
1506153376.76,0
1506153376.76,0
1506153376.76,0
1506153376.76,0
1506153376.76,0
1506153376.79,0
1506153376.79,0
1506153376.79,0
1506153376.82,0
1506153376.82,0
1506153376.82,0
1506153376.83,0
1506153376.85,0
1506153376.85,0
1506153376.87,0
1506153376.87,0
1506153376.9,0
1506153376.9,0
1506153376.9,0
1506153376.91,0
1506153376.92,0
1506153376.93,0
1506153376.98,0
1506153376.98,0
1506153376.98,0
1506153376.98,0
1506153376.98,0
1506153376.99,0
1506153377.01,0
1506153377.01,0
1506153377.04,0
1506153377.04,0
1506153377.04,0
1506153377.05,0
1506153377.07,0
1506153377.07,0
1506153377.1,0
1506153377.1,0
1506153377.1,0
1506153377.11,0
1506153377.13,0
1506153377.13,0
1506153377.15,0
1506153377.15,0
1506153377.18,0
1506153377.18,0
1506153377.18,0
1506153377.19,0
1506153377.21,0
1506153377.21,0
1506153377.23,0
1506153377.23,0
1506153377.26,0
1506153377.26,0
1506153377.26,0
1506153377.27,0
1506153377.29,0
1506153377.29,0
1506153377.32,0
1506153377.32,0
1506153377.32,0
1506153377.33,0
1506153377.35,0
1506153377.35,0
1506153377.38,0
1506153377.38,0
1506153377.38,0
1506153377.39,0
1506153377.41,0
1506153377.41,0
1506153377.44,0
1506153377.44,0
1506153377.44,0
1506153377.45,0
1506153377.47,0
1506153377.47,0
1506153377.52,0
1506153377.52,0
1506153377.52,0
1506153377.52,0
1506153377.52,0
1506153377.53,0
1506153377.55,0
1506153377.55,0
1506153377.58,0
1506153377.58,0
1506153377.58,0
1506153377.59,0
1506153377.61,0
1506153377.61,0
1506153377.63,0
1506153377.63,0
1506153377.66,0
1506153377.66,0
1506153377.66,0
1506153377.67,0
1506153377.69,0
1506153377.69,0
1506153377.72,0
1506153377.72,0
1506153377.72,0
1506153377.73,0
1506153377.75,0
1506153377.75,0
1506153377.77,0
1506153377.77,0
1506153377.8,0
1506153377.8,0
1506153377.8,0
1506153377.81,0
1506153377.83,0
1506153377.83,0
1506153377.86,0
1506153377.86,0
1506153377.86,0
1506153377.87,0
1506153377.89,0
1506153377.89,0
1506153377.92,0
1506153377.92,0
1506153377.93,0
1506153377.93,0
1506153377.95,0
1506153377.95,0
1506153377.98,0
1506153377.98,0
1506153377.98,0
1506153377.99,0
1506153378.01,0
1506153378.01,0
1506153378.03,0
1506153378.03,0
1506153378.06,0
1506153378.06,0
1506153378.06,0
1506153378.07,0
1506153378.09,0
1506153378.09,0
1506153378.12,0
1506153378.12,0
1506153378.12,0
1506153378.13,0
1506153378.15,0
1506153378.15,0
1506153378.18,0
1506153378.18,0
1506153378.18,0
1506153378.19,0
1506153378.21,0
1506153378.21,0
1506153378.23,0
1506153378.23,0
1506153378.26,0
1506153378.26,0
1506153378.26,0
1506153378.27,0
1506153378.29,0
1506153378.29,0
1506153378.33,0
1506153378.34,0
1506153378.34,0
1506153378.34,0
1506153378.34,0
1506153378.35,0
1506153378.37,0
1506153378.37,0
1506153378.39,0
1506153378.4,0
1506153378.41,0
1506153378.41,0
1506153378.43,0
1506153378.43,0
1506153378.46,0
1506153378.46,0
1506153378.46,0
1506153378.47,0
1506153378.49,0
1506153378.49,0
1506153378.52,0
1506153378.52,0
1506153378.52,0
1506153378.53,0
1506153378.53,0
1506153378.55,0
1506153378.57,0
1506153378.57,0
1506153378.6,0
1506153378.6,0
1506153378.6,0
1506153378.61,0
1506153378.63,0
1506153378.63,0
1506153378.65,0
1506153378.66,0
1506153378.66,0
1506153378.67,0
1506153378.69,0
1506153378.69,0
1506153378.72,0
1506153378.72,0
1506153378.72,0
1506153378.73,0
1506153378.75,0
1506153378.75,0
1506153378.78,0
1506153378.78,0
1506153378.78,0
1506153378.79,0
1506153378.81,0
1506153378.81,0
1506153378.84,0
1506153378.84,0
1506153378.84,0
1506153378.85,0
1506153378.87,0
1506153378.87,0
1506153378.9,0
1506153378.9,0
1506153378.91,0
1506153378.91,0
1506153378.93,0
1506153378.93,0
1506153378.96,0
1506153378.96,0
1506153378.96,0
1506153378.97,0
1506153378.98,0
1506153378.99,0
1506153379.04,0
1506153379.04,0
1506153379.04,0
1506153379.05,0
1506153379.05,0
1506153379.05,0
1506153379.07,0
1506153379.07,0
1506153379.09,0
1506153379.09,0
1506153379.11,0
1506153379.12,0
1506153379.12,0
1506153379.13,0
1506153379.15,0
1506153379.15,0
1506153379.18,0
1506153379.18,0
1506153379.18,0
1506153379.19,0
1506153379.21,0
1506153379.21,0
1506153379.26,0
1506153379.26,0
1506153379.26,0
1506153379.26,0
1506153379.26,0
1506153379.27,0
1506153379.27,0
1506153379.29,0
1506153379.31,0
1506153379.31,0
1506153379.34,0
1506153379.34,0
1506153379.35,0
1506153379.35,0
1506153379.35,0
1506153379.37,0
1506153379.38,0
1506153379.39,0
1506153379.41,0
1506153379.42,0
1506153379.43,0
1506153379.43,0
1506153379.45,0
1506153379.45,0
1506153379.48,0
1506153379.48,0
1506153379.48,0
1506153379.49,0
1506153379.51,0
1506153379.51,0
1506153379.52,0
1506153379.53,0
1506153379.55,0
1506153379.56,0
1506153379.57,0
1506153379.57,0
1506153379.59,0
1506153379.59,0
1506153379.61,0
1506153379.62,0
1506153379.62,0
1506153379.63,0
1506153379.65,0
1506153379.65,0
1506153379.68,0
1506153379.68,0
1506153379.68,0
1506153379.69,0
1506153379.71,0
1506153379.71,0
1506153379.72,0
1506153379.73,0
1506153379.75,0
1506153379.76,0
1506153379.77,0
1506153379.77,0
1506153379.79,0
1506153379.79,0
1506153379.82,0
1506153379.82,0
1506153379.82,0
1506153379.83,0
1506153379.85,0
1506153379.85,0
1506153379.88,0
1506153379.88,0
1506153379.88,0
1506153379.89,0
1506153379.89,0
1506153379.91,0
1506153379.92,0
1506153379.93,0
1506153379.96,0
1506153379.96,0
1506153379.96,0
1506153379.97,0
1506153379.99,0
1506153379.99,0
1506153380.01,0
1506153380.02,0
1506153380.02,0
1506153380.03,0
1506153380.05,0
1506153380.05,0
1506153380.06,0
1506153380.06,0
1506153380.1,0
1506153380.1,0
1506153380.1,0
1506153380.11,0
1506153380.13,0
1506153380.13,0
1506153380.17,0
1506153380.18,0
1506153380.18,0
1506153380.18,0
1506153380.18,0
1506153380.19,0
1506153380.21,0
1506153380.21,0
1506153380.25,0
1506153380.26,0
1506153380.26,0
1506153380.26,0
1506153380.26,0
1506153380.27,0
1506153380.29,0
1506153380.29,0
1506153380.33,0
1506153380.34,0
1506153380.34,0
1506153380.34,0
1506153380.34,0
1506153380.35,0
1506153380.37,0
1506153380.37,0
1506153380.38,0
1506153380.38,0
1506153380.42,0
1506153380.42,0
1506153380.42,0
1506153380.43,0
1506153380.45,0
1506153380.45,0
1506153380.46,0
1506153380.47,0
1506153380.5,0
1506153380.5,0
1506153380.5,0
1506153380.51,0
1506153380.53,0
1506153380.53,0
1506153380.54,0
1506153380.55,0
1506153380.57,0
1506153380.57,0
1506153380.59,0
1506153380.59,0
1506153380.6,0
1506153380.61,0
1506153380.64,0
1506153380.64,0
1506153380.64,0
1506153380.65,0
1506153380.67,0
1506153380.67,0
1506153380.7,0
1506153380.7,0
1506153380.7,0
1506153380.71,0
1506153380.73,0
1506153380.73,0
1506153380.76,0
1506153380.76,0
1506153380.76,0
1506153380.77,0
1506153380.77,0
1506153380.79,0
1506153380.85,0
1506153380.85,0
1506153380.85,0
1506153380.86,0
1506153380.86,0
1506153380.86,0
1506153380.87,0
1506153380.87,0
1506153380.88,0
1506153380.89,0
1506153380.91,0
1506153380.92,0
1506153380.92,0
1506153380.93,0
1506153380.95,0
1506153380.95,0
1506153380.99,0
1506153381.0,0
1506153381.0,0
1506153381.0,0
1506153381.0,0
1506153381.01,0
1506153381.03,0
1506153381.03,0
1506153414.17,0
1506153414.17,0
1506153414.17,0
1506153414.18,0
1506153414.2,0
1506153414.2,0
1506153414.22,0
1506153414.22,0
1506153414.24,0
1506153414.25,0
1506153414.25,0
1506153414.26,0
1506153414.28,0
1506153414.28,0
1506153414.3,0
1506153414.31,0
1506153414.32,0
1506153414.32,0
1506153414.34,0
1506153414.34,0
1506153414.36,0
1506153414.37,0
1506153414.37,0
1506153414.38,0
1506153414.4,0
1506153414.4,0
1506153414.43,0
1506153414.43,0
1506153414.43,0
1506153414.44,0
1506153414.46,0
1506153414.46,0
1506153414.48,0
1506153414.48,0
1506153414.51,0
1506153414.51,0
1506153414.51,0
1506153414.52,0
1506153414.54,0
1506153414.54,0
1506153414.57,0
1506153414.57,0
1506153414.57,0
1506153414.58,0
1506153414.6,0
1506153414.6,0
1506153414.61,0
1506153414.62,0
1506153414.65,0
1506153414.65,0
1506153414.65,0
1506153414.66,0
1506153414.68,0
1506153414.68,0
1506153414.69,0
1506153414.7,0
1506153414.74,0
1506153414.74,0
1506153414.75,0
1506153414.75,0
1506153414.75,0
1506153414.76,0
1506153414.77,0
1506153414.78,0
1506153414.8,0
1506153414.8,0
1506153414.81,0
1506153414.82,0
1506153414.87,0
1506153414.87,0
1506153414.87,0
1506153414.87,0
1506153414.87,0
1506153414.88,0
1506153414.9,0
1506153414.9,0
1506153414.91,0
1506153414.92,0
1506153414.94,0
1506153414.95,0
1506153414.95,0
1506153414.96,0
1506153414.98,0
1506153414.98,0
1506153415.0,0
1506153415.01,0
1506153415.01,0
1506153415.02,0
1506153415.04,0
1506153415.04,0
1506153415.06,0
1506153415.07,0
1506153415.07,0
1506153415.08,0
1506153415.1,0
1506153415.1,0
1506153415.14,0
1506153415.14,0
1506153415.15,0
1506153415.15,0
1506153415.16,0
1506153415.16,0
1506153415.17,0
1506153415.18,0
1506153415.2,0
1506153415.21,0
1506153415.21,0
1506153415.22,0
1506153415.24,0
1506153415.24,0
1506153415.26,0
1506153415.27,0
1506153415.27,0
1506153415.28,0
1506153415.3,0
1506153415.3,0
1506153415.34,0
1506153415.34,0
1506153415.35,0
1506153415.35,0
1506153415.36,0
1506153415.36,0
1506153415.37,0
1506153415.38,0
1506153415.4,0
1506153415.41,0
1506153415.41,0
1506153415.42,0
1506153415.44,0
1506153415.44,0
1506153415.45,0
1506153415.45,0
1506153415.47,0
1506153415.47,0
1506153415.49,0
1506153415.5,0
1506153415.5,0
1506153415.52,0
1506153415.54,0
1506153415.54,0
1506153415.56,0
1506153415.57,0
1506153415.57,0
1506153415.58,0
1506153415.58,0
1506153415.6,0
1506153415.61,0
1506153415.62,0
1506153415.64,0
1506153415.65,0
1506153415.65,0
1506153415.66,0
1506153415.68,0
1506153415.68,0
1506153415.7,0
1506153415.71,0
1506153415.71,0
1506153415.72,0
1506153415.72,0
1506153415.74,0
1506153415.75,0
1506153415.76,0
1506153415.78,0
1506153415.78,0
1506153415.79,0
1506153415.8,0
1506153415.81,0
1506153415.82,0
1506153415.84,0
1506153415.84,0
1506153415.85,0
1506153415.86,0
1506153415.88,0
1506153415.88,0
1506153415.9,0
1506153415.91,0
1506153415.91,0
1506153415.92,0
1506153415.94,0
1506153415.94,0
1506153415.99,0
1506153415.99,0
1506153415.99,0
1506153415.99,0
1506153416.0,0
1506153416.0,0
1506153416.02,0
1506153416.02,0
1506153416.05,0
1506153416.05,0
1506153416.05,0
1506153416.06,0
1506153416.06,0
1506153416.08,0
1506153416.09,0
1506153416.1,0
1506153416.12,0
1506153416.13,0
1506153416.13,0
1506153416.14,0
1506153416.16,0
1506153416.16,0
1506153416.19,0
1506153416.19,0
1506153416.19,0
1506153416.2,0
1506153416.22,0
1506153416.22,0
1506153416.25,0
1506153416.25,0
1506153416.25,0
1506153416.26,0
1506153416.28,0
1506153416.28,0
1506153416.29,0
1506153416.3,0
1506153416.32,0
1506153416.33,0
1506153416.33,0
1506153416.34,0
1506153416.36,0
1506153416.36,0
1506153416.39,0
1506153416.39,0
1506153416.39,0
1506153416.4,0
1506153416.42,0
1506153416.42,0
1506153416.44,0
1506153416.45,0
1506153416.45,0
1506153416.46,0
1506153416.46,0
1506153416.48,0
1506153416.49,0
1506153416.49,0
1506153416.52,0
1506153416.53,0
1506153416.53,0
1506153416.54,0
1506153416.56,0
1506153416.56,0
1506153416.57,0
1506153416.57,0
1506153416.6,0
1506153416.61,0
1506153416.61,0
1506153416.62,0
1506153416.64,0
1506153416.64,0
1506153416.65,0
1506153416.65,0
1506153416.68,0
1506153416.68,0
1506153416.68,0
1506153416.7,0
1506153416.71,0
1506153416.71,0
1506153416.74,0
1506153416.75,0
1506153416.75,0
1506153416.76,0
1506153416.78,0
1506153416.78,0
1506153416.79,0
1506153416.79,0
1506153416.82,0
1506153416.83,0
1506153416.83,0
1506153416.84,0
1506153416.86,0
1506153416.86,0
1506153416.87,0
1506153416.87,0
1506153416.9,0
1506153416.9,0
1506153416.91,0
1506153416.92,0
1506153416.93,0
1506153416.94,0
1506153416.96,0
1506153416.96,0
1506153416.97,0
1506153416.98,0
1506153416.99,0
1506153417.0,0
1506153417.03,0
1506153417.03,0
1506153417.03,0
1506153417.03,0
1506153417.06,0
1506153417.06,0
1506153417.07,0
1506153417.08,0
1506153417.09,0
1506153417.1,0
1506153417.12,0
1506153417.13,0
1506153417.13,0
1506153417.14,0
1506153417.15,0
1506153417.16,0
1506153417.18,0
1506153417.19,0
1506153417.19,0
1506153417.2,0
1506153417.22,0
1506153417.22,0
1506153417.24,0
1506153417.25,0
1506153417.25,0
1506153417.26,0
1506153417.27,0
1506153417.28,0
1506153417.29,0
1506153417.3,0
1506153417.32,0
1506153417.33,0
1506153417.33,0
1506153417.34,0
1506153417.35,0
1506153417.36,0
1506153417.38,0
1506153417.38,0
1506153417.39,0
1506153417.4,0
1506153417.41,0
1506153417.42,0
1506153417.43,0
1506153417.43,0
1506153417.45,0
1506153417.46,0
1506153417.46,0
1506153417.48,0
1506153417.48,0
1506153417.5,0
1506153417.51,0
1506153417.51,0
1506153417.54,0
1506153417.54,0
1506153417.55,0
1506153417.56,0
1506153417.57,0
1506153417.58,0
1506153417.6,0
1506153417.6,0
1506153417.61,0
1506153417.62,0
1506153417.63,0
1506153417.64,0
1506153417.68,0
1506153417.68,0
1506153417.68,0
1506153417.69,0
1506153417.69,0
1506153417.7,0
1506153417.71,0
1506153417.72,0
1506153417.74,0
1506153417.74,0
1506153417.75,0
1506153417.76,0
1506153417.77,0
1506153417.78,0
1506153417.82,0
1506153417.82,0
1506153417.82,0
1506153417.83,0
1506153417.83,0
1506153417.84,0
1506153417.85,0
1506153417.86,0
1506153417.87,0
1506153417.87,0
1506153417.9,0
1506153417.9,0
1506153417.9,0
1506153417.92,0
1506153417.93,0
1506153417.93,0
1506153417.96,0
1506153417.96,0
1506153417.96,0
1506153417.98,0
1506153417.99,0
1506153417.99,0
1506153418.02,0
1506153418.02,0
1506153418.02,0
1506153418.04,0
1506153418.05,0
1506153418.06,0
1506153418.08,0
1506153418.09,0
1506153418.09,0
1506153418.1,0
1506153418.12,0
1506153418.12,0
1506153418.14,0
1506153418.15,0
1506153418.15,0
1506153418.16,0
1506153418.17,0
1506153418.18,0
1506153418.19,0
1506153418.2,0
1506153418.22,0
1506153418.23,0
1506153418.23,0
1506153418.24,0
1506153418.25,0
1506153418.26,0
1506153418.28,0
1506153418.28,0
1506153418.29,0
1506153418.3,0
1506153418.31,0
1506153418.31,0
1506153418.34,0
1506153418.34,0
1506153418.35,0
1506153418.36,0
1506153418.37,0
1506153418.38,0
1506153418.39,0
1506153418.39,0
1506153418.42,0
1506153418.42,0
1506153418.42,0
1506153418.44,0
1506153418.45,0
1506153418.46,0
1506153418.48,0
1506153418.48,0
1506153418.49,0
1506153418.5,0
1506153418.51,0
1506153418.52,0
1506153418.53,0
1506153418.53,0
1506153418.56,0
1506153418.56,0
1506153418.56,0
1506153418.58,0
1506153418.59,0
1506153418.59,0
1506153418.62,0
1506153418.62,0
1506153418.63,0
1506153418.64,0
1506153418.67,0
1506153418.67,0
1506153418.67,0
1506153418.68,0
1506153418.7,0
1506153418.7,0
1506153418.7,0
1506153418.72,0
1506153418.73,0
1506153418.73,0
1506153418.75,0
1506153418.75,0
1506153418.78,0
1506153418.78,0
1506153418.78,0
1506153418.8,0
1506153418.81,0
1506153418.81,0
1506153418.83,0
1506153418.83,0
1506153418.86,0
1506153418.86,0
1506153418.86,0
1506153418.88,0
1506153418.89,0
1506153418.89,0
1506153418.92,0
1506153418.92,0
1506153418.92,0
1506153418.94,0
1506153418.95,0
1506153418.95,0
1506153418.98,0
1506153418.98,0
1506153418.98,0
1506153419.0,0
1506153419.01,0
1506153419.01,0
1506153419.04,0
1506153419.04,0
1506153419.06,0
1506153419.06,0
1506153419.07,0
1506153419.07,0
1506153419.1,0
1506153419.1,0
1506153419.1,0
1506153419.12,0
1506153419.13,0
1506153419.13,0
1506153419.17,0
1506153419.17,0
1506153419.17,0
1506153419.17,0
1506153419.18,0
1506153419.2,0
1506153419.21,0
1506153419.22,0
1506153419.23,0
1506153419.23,0
1506153419.26,0
1506153419.26,0
1506153419.26,0
1506153419.28,0
1506153419.29,0
1506153419.29,0
1506153419.31,0
1506153419.31,0
1506153419.34,0
1506153419.34,0
1506153419.34,0
1506153419.36,0
1506153419.37,0
1506153419.37,0
1506153419.42,0
1506153419.42,0
1506153419.42,0
1506153419.43,0
1506153419.43,0
1506153419.44,0
1506153419.45,0
1506153419.45,0
1506153419.48,0
1506153419.48,0
1506153419.48,0
1506153419.5,0
1506153419.5,0
1506153419.51,0
1506153419.54,0
1506153419.54,0
1506153419.54,0
1506153419.56,0
1506153419.57,0
1506153419.57,0
1506153419.59,0
1506153419.59,0
1506153419.62,0
1506153419.62,0
1506153419.62,0
1506153419.65,0
1506153419.66,0
1506153419.66,0
1506153419.68,0
1506153419.69,0
1506153419.69,0
1506153419.7,0
1506153419.71,0
1506153419.72,0
1506153419.73,0
1506153419.73,0
1506153419.76,0
1506153419.76,0
1506153419.77,0
1506153419.78,0
1506153419.79,0
1506153419.79,0
1506153419.82,0
1506153419.82,0
1506153419.82,0
1506153419.84,0
1506153419.85,0
1506153419.85,0
1506153419.88,0
1506153419.88,0
1506153419.88,0
1506153419.9,0
1506153419.91,0
1506153419.91,0
1506153419.94,0
1506153419.94,0
1506153419.94,0
1506153419.96,0
1506153419.97,0
1506153419.97,0
1506153420.02,0
1506153420.02,0
1506153420.02,0
1506153420.02,0
1506153420.03,0
1506153420.04,0
1506153420.05,0
1506153420.05,0
1506153420.08,0
1506153420.08,0
1506153420.08,0
1506153420.1,0
1506153420.11,0
1506153420.11,0
1506153420.13,0
1506153420.13,0
1506153420.16,0
1506153420.16,0
1506153420.16,0
1506153420.18,0
1506153420.19,0
1506153420.19,0
1506153420.22,0
1506153420.22,0
1506153420.22,0
1506153420.24,0
1506153420.25,0
1506153420.25,0
1506153420.28,0
1506153420.28,0
1506153420.28,0
1506153420.3,0
1506153420.31,0
1506153420.31,0
1506153420.33,0
1506153420.33,0
1506153420.36,0
1506153420.36,0
1506153420.36,0
1506153420.38,0
1506153420.39,0
1506153420.4,0
1506153420.41,0
1506153420.41,0
1506153420.44,0
1506153420.44,0
1506153420.44,0
1506153420.46,0
1506153420.47,0
1506153420.47,0
1506153420.5,0
1506153420.5,0
1506153420.51,0
1506153420.52,0
1506153420.53,0
1506153420.54,0
1506153420.56,0
1506153420.57,0
1506153420.57,0
1506153420.58,0
1506153420.59,0
1506153420.6,0
1506153420.61,0
1506153420.61,0
1506153420.64,0
1506153420.64,0
1506153420.65,0
1506153420.66,0
1506153420.67,0
1506153420.67,0
1506153420.7,0
1506153420.7,0
1506153420.7,0
1506153420.72,0
1506153420.73,0
1506153420.73,0
1506153420.76,0
1506153420.76,0
1506153420.76,0
1506153420.78,0
1506153420.79,0
1506153420.79,0
1506153420.82,0
1506153420.82,0
1506153420.82,0
1506153420.84,0
1506153420.85,0
1506153420.85,0
1506153420.9,0
1506153420.9,0
1506153420.9,0
1506153420.9,0
1506153420.9,0
1506153420.91,0
1506153420.94,0
1506153420.94,0
1506153420.94,0
1506153420.96,0
1506153420.99,0
1506153420.99,0
1506153420.99,0
1506153420.99,0
1506153421.02,0
1506153421.02,0
1506153421.02,0
1506153421.04,0
1506153421.05,0
1506153421.05,0
1506153421.07,0
1506153421.07,0
1506153421.1,0
1506153421.1,0
1506153421.1,0
1506153421.11,0
1506153421.13,0
1506153421.13,0
1506153421.16,0
1506153421.16,0
1506153421.16,0
1506153421.17,0
1506153421.19,0
1506153421.19,0
1506153421.24,0
1506153421.24,0
1506153421.24,0
1506153421.24,0
1506153421.25,0
1506153421.26,0
1506153421.27,0
1506153421.27,0
1506153421.29,0
1506153421.29,0
1506153421.32,0
1506153421.32,0
1506153421.32,0
1506153421.33,0
1506153421.35,0
1506153421.35,0
1506153421.38,0
1506153421.38,0
1506153421.38,0
1506153421.39,0
1506153421.41,0
1506153421.41,0
1506153421.44,0
1506153421.44,0
1506153421.45,0
1506153421.46,0
1506153421.47,0
1506153421.47,0
1506153421.51,0
1506153421.51,0
1506153421.51,0
1506153421.52,0
1506153421.52,0
1506153421.54,0
1506153421.54,0
1506153421.56,0
1506153421.57,0
1506153421.57,0
1506153421.6,0
1506153421.6,0
1506153421.61,0
1506153421.62,0
1506153421.63,0
1506153421.63,0
1506153421.66,0
1506153421.66,0
1506153421.66,0
1506153421.68,0
1506153421.69,0
1506153421.69,0
1506153421.72,0
1506153421.72,0
1506153421.72,0
1506153421.73,0
1506153421.75,0
1506153421.75,0
1506153421.78,0
1506153421.78,0
1506153421.78,0
1506153421.8,0
1506153421.81,0
1506153421.81,0
1506153421.83,0
1506153421.83,0
1506153421.86,0
1506153421.86,0
1506153421.86,0
1506153421.87,0
1506153421.89,0
1506153421.89,0
1506153421.92,0
1506153421.92,0
1506153421.92,0
1506153421.93,0
1506153421.95,0
1506153421.95,0
1506153421.98,0
1506153421.98,0
1506153421.98,0
1506153421.99,0
1506153422.01,0
1506153422.01,0
1506153422.03,0
1506153422.03,0
1506153422.06,0
1506153422.06,0
1506153422.06,0
1506153422.07,0
1506153422.09,0
1506153422.09,0
1506153422.12,0
1506153422.12,0
1506153422.12,0
1506153422.13,0
1506153422.15,0
1506153422.15,0
1506153422.18,0
1506153422.18,0
1506153422.18,0
1506153422.19,0
1506153422.2,0
1506153422.21,0
1506153422.23,0
1506153422.23,0
1506153422.26,0
1506153422.26,0
1506153422.26,0
1506153422.27,0
1506153422.29,0
1506153422.29,0
1506153422.32,0
1506153422.32,0
1506153422.33,0
1506153422.34,0
1506153422.35,0
1506153422.35,0
1506153422.37,0
1506153422.37,0
1506153422.4,0
1506153422.4,0
1506153422.41,0
1506153422.42,0
1506153422.43,0
1506153422.43,0
1506153422.46,0
1506153422.46,0
1506153422.46,0
1506153422.47,0
1506153422.49,0
1506153422.49,0
1506153422.51,0
1506153422.51,0
1506153422.54,0
1506153422.54,0
1506153422.54,0
1506153422.55,0
1506153422.57,0
1506153422.57,0
1506153422.6,0
1506153422.6,0
1506153422.6,0
1506153422.61,0
1506153422.63,0
1506153422.63,0
1506153422.66,0
1506153422.66,0
1506153422.66,0
1506153422.67,0
1506153422.69,0
1506153422.69,0
1506153422.72,0
1506153422.72,0
1506153422.72,0
1506153422.73,0
1506153422.75,0
1506153422.75,0
1506153422.78,0
1506153422.78,0
1506153422.78,0
1506153422.8,0
1506153422.8,0
1506153422.81,0
1506153422.83,0
1506153422.83,0
1506153422.86,0
1506153422.86,0
1506153422.86,0
1506153422.87,0
1506153422.89,0
1506153422.89,0
1506153422.92,0
1506153422.92,0
1506153422.92,0
1506153422.93,0
1506153422.95,0
1506153422.95,0
1506153422.98,0
1506153422.98,0
1506153422.98,0
1506153423.0,0
1506153423.0,0
1506153423.01,0
1506153423.03,0
1506153423.03,0
1506153423.06,0
1506153423.06,0
1506153423.06,0
1506153423.09,0
1506153423.09,0
1506153423.09,0
1506153423.12,0
1506153423.12,0
1506153423.12,0
1506153423.13,0
1506153423.15,0
1506153423.15,0
1506153423.17,0
1506153423.17,0
1506153423.2,0
1506153423.2,0
1506153423.21,0
1506153423.21,0
1506153423.23,0
1506153423.23,0
1506153423.26,0
1506153423.26,0
1506153423.26,0
1506153423.27,0
1506153423.29,0
1506153423.29,0
1506153423.32,0
1506153423.32,0
1506153423.32,0
1506153423.33,0
1506153423.35,0
1506153423.35,0
1506153423.38,0
1506153423.38,0
1506153423.38,0
1506153423.39,0
1506153423.41,0
1506153423.41,0
1506153423.44,0
1506153423.44,0
1506153423.44,0
1506153423.45,0
1506153423.47,0
1506153423.47,0
1506153423.49,0
1506153423.49,0
1506153423.52,0
1506153423.52,0
1506153423.52,0
1506153423.54,0
1506153423.54,0
1506153423.55,0
1506153423.57,0
1506153423.57,0
1506153423.6,0
1506153423.6,0
1506153423.6,0
1506153423.61,0
1506153423.63,0
1506153423.63,0
1506153423.66,0
1506153423.66,0
1506153423.66,0
1506153423.67,0
1506153423.69,0
1506153423.69,0
1506153423.72,0
1506153423.72,0
1506153423.72,0
1506153423.73,0
1506153423.75,0
1506153423.75,0
1506153423.77,0
1506153423.77,0
1506153423.8,0
1506153423.8,0
1506153423.8,0
1506153423.81,0
1506153423.83,0
1506153423.83,0
1506153423.85,0
1506153423.85,0
1506153423.88,0
1506153423.88,0
1506153423.88,0
1506153423.89,0
1506153423.91,0
1506153423.91,0
1506153423.94,0
1506153423.94,0
1506153423.94,0
1506153423.95,0
1506153423.97,0
1506153423.97,0
1506153424.0,0
1506153424.0,0
1506153424.0,0
1506153424.01,0
1506153424.03,0
1506153424.03,0
1506153424.06,0
1506153424.06,0
1506153424.07,0
1506153424.07,0
1506153424.09,0
1506153424.09,0
1506153424.11,0
1506153424.11,0
1506153424.14,0
1506153424.14,0
1506153424.14,0
1506153424.15,0
1506153424.17,0
1506153424.17,0
1506153424.2,0
1506153424.2,0
1506153424.2,0
1506153424.21,0
1506153424.23,0
1506153424.23,0
1506153424.26,0
1506153424.26,0
1506153424.26,0
1506153424.27,0
1506153424.27,0
1506153424.29,0
1506153424.34,0
1506153424.34,0
1506153424.34,0
1506153424.34,0
1506153424.34,0
1506153424.35,0
1506153424.37,0
1506153424.37,0
1506153424.39,0
1506153424.39,0
1506153424.42,0
1506153424.42,0
1506153424.42,0
1506153424.43,0
1506153424.45,0
1506153424.45,0
1506153424.48,0
1506153424.48,0
1506153424.48,0
1506153424.49,0
1506153424.51,0
1506153424.51,0
1506153424.54,0
1506153424.54,0
1506153424.54,0
1506153424.55,0
1506153424.57,0
1506153424.57,0
1506153424.62,0
1506153424.62,0
1506153424.62,0
1506153424.62,0
1506153424.63,0
1506153424.63,0
1506153424.65,0
1506153424.65,0
1506153424.68,0
1506153424.68,0
1506153424.68,0
1506153424.69,0
1506153424.71,0
1506153424.71,0
1506153424.73,0
1506153424.73,0
1506153424.76,0
1506153424.76,0
1506153424.76,0
1506153424.77,0
1506153424.79,0
1506153424.79,0
1506153424.82,0
1506153424.82,0
1506153424.82,0
1506153424.83,0
1506153424.85,0
1506153424.85,0
1506153424.88,0
1506153424.88,0
1506153424.88,0
1506153424.89,0
1506153424.91,0
1506153424.91,0
1506153424.93,0
1506153424.93,0
1506153424.96,0
1506153424.96,0
1506153424.96,0
1506153424.97,0
1506153424.99,0
1506153424.99,0
1506153425.01,0
1506153425.02,0
1506153425.02,0
1506153425.03,0
1506153425.05,0
1506153425.05,0
1506153425.08,0
1506153425.08,0
1506153425.08,0
1506153425.09,0
1506153425.11,0
1506153425.11,0
1506153425.14,0
1506153425.14,0
1506153425.14,0
1506153425.15,0
1506153425.17,0
1506153425.17,0
1506153425.22,0
1506153425.22,0
1506153425.22,0
1506153425.22,0
1506153425.22,0
1506153425.23,0
1506153425.25,0
1506153425.25,0
1506153425.28,0
1506153425.28,0
1506153425.28,0
1506153425.29,0
1506153425.31,0
1506153425.31,0
1506153425.33,0
1506153425.34,0
1506153425.34,0
1506153425.35,0
1506153425.37,0
1506153425.37,0
1506153425.4,0
1506153425.4,0
1506153425.4,0
1506153425.41,0
1506153425.43,0
1506153425.43,0
1506153425.46,0
1506153425.46,0
1506153425.46,0
1506153425.47,0
1506153425.49,0
1506153425.49,0
1506153425.5,0
1506153425.51,0
1506153425.53,0
1506153425.54,0
1506153425.54,0
1506153425.55,0
1506153425.57,0
1506153425.57,0
1506153425.59,0
1506153425.6,0
1506153425.6,0
1506153425.61,0
1506153425.63,0
1506153425.63,0
1506153425.66,0
1506153425.66,0
1506153425.66,0
1506153425.67,0
1506153425.69,0
1506153425.69,0
1506153425.74,0
1506153425.74,0
1506153425.74,0
1506153425.75,0
1506153425.75,0
1506153425.75,0
1506153425.77,0
1506153425.77,0
1506153425.8,0
1506153425.8,0
1506153425.8,0
1506153425.81,0
1506153425.83,0
1506153425.83,0
1506153425.85,0
1506153425.85,0
1506153425.87,0
1506153425.88,0
1506153425.89,0
1506153425.89,0
1506153425.91,0
1506153425.91,0
1506153425.93,0
1506153425.94,0
1506153425.94,0
1506153425.95,0
1506153425.97,0
1506153425.97,0
1506153425.99,0
1506153426.0,0
1506153426.0,0
1506153426.01,0
1506153426.03,0
1506153426.03,0
1506153426.06,0
1506153426.06,0
1506153426.06,0
1506153426.07,0
1506153426.07,0
1506153426.09,0
1506153426.1,0
1506153426.11,0
1506153426.14,0
1506153426.14,0
1506153426.14,0
1506153426.15,0
1506153426.17,0
1506153426.17,0
1506153426.2,0
1506153426.2,0
1506153426.2,0
1506153426.21,0
1506153426.23,0
1506153426.23,0
1506153426.24,0
1506153426.25,0
1506153426.27,0
1506153426.27,0
1506153426.29,0
1506153426.29,0
1506153426.31,0
1506153426.31,0
1506153426.33,0
1506153426.34,0
1506153426.34,0
1506153426.35,0
1506153426.37,0
1506153426.37,0
1506153426.39,0
1506153426.4,0
1506153426.4,0
1506153426.41,0
1506153426.43,0
1506153426.43,0
1506153426.44,0
1506153426.45,0
1506153426.47,0
1506153426.48,0
1506153426.48,0
1506153426.49,0
1506153426.51,0
1506153426.51,0
1506153426.53,0
1506153426.54,0
1506153426.54,0
1506153426.55,0
1506153426.57,0
150
