-1010.36, 0.0, 2308.72
31.96, 0.0, 2011.44
-56.68, 0.0, 1856.36
-164.56, 0.0, 790.76
25.04, 0.0, 666.72
3.68, 0.0, 1003.04
10.24, 0.0, 144.0
-331.84, 0.0, 1001.68
-133.12, 0.0, -4.24
-498.8, 0.0, 289.68
-406.32, 0.0, 1653.52
-341.88, 0.0, 1299.56
-1095.12, 0.0, 765.32
-876.04, 0.0, 588.32
-1073.16, 0.0, 1058.08
-1895.6, 0.0, 985.68
-1859.24, 0.0, 937.08
-2955.04, 0.0, 850.32
-2965.16, 0.0, 661.56
-2872.68, 0.0, 701.84
-3348.08, 0.0, 1055.64
-3021.84, 0.0, 950.88
-1049.4, 0.0, 998.76
81.0, 0.0, 1059.92
203.0, 0.0, 985.92
-676.76, 0.0, 1247.32
-805.6, 0.0, 1112.28
-740.04, 0.0, 1007.68
-1344.16, 0.0, 953.84
-2281.48, 0.0, 1257.2
-2872.36, 0.0, 1108.88
-3076.68, 0.0, 836.04
-2967.12, 0.0, 806.76
-2874.8, 0.0, 908.92
-2789.52, 0.0, 812.04
-1029.92, 0.0, 792.24
1990.24, 0.0, 899.32
1013.96, 0.0, 1071.52
-483.32, 0.0, 639.64
-1623.36, 0.0, 410.68
-1841.08, 0.0, 1009.36
-2366.0, 0.0, 1022.84
-2750.96, 0.0, 722.96
-2423.8, 0.0, 701.32
-1533.52, 0.0, 781.32
1187.08, 0.0, 831.44
1909.92, 0.0, 1024.96
1749.88, 0.0, 924.32
1747.56, 0.0, 698.08
1584.2, 0.0, 958.84
1139.64, 0.0, 903.36
-10.4, 0.0, 734.08
-918.16, 0.0, 676.72
-1286.36, 0.0, 1174.28
-1909.92, 0.0, 1133.12
-1740.2, 0.0, 777.24
-1375.96, 0.0, 916.92
-1273.32, 0.0, 1100.96
-1147.96, 0.0, 1020.4
-982.48, 0.0, 891.88
-945.76, 0.0, 873.88
-771.24, 0.0, 1027.52
-730.52, 0.0, 901.4
-643.44, 0.0, 931.16
612.52, 0.0, 958.96
29.24, 0.0, 812.32
-822.36, 0.0, 848.32
-1305.2, 0.0, 772.76
-1538.24, 0.0, 840.28
-1542.56, 0.0, 705.28
-1345.4, 0.0, 816.12
-1053.84, 0.0, 872.16
-541.2, 0.0, 917.16
909.4, 0.0, 596.68
2000.52, 0.0, 852.68
2609.96, 0.0, 901.08
2913.96, 0.0, 740.84
1851.12, 0.0, -95.56
1240.56, 0.0, 996.16
-286.4, 0.0, 493.64
-1331.56, 0.0, 456.36
-2057.48, 0.0, 353.24
-1701.72, 0.0, 621.4
-1559.16, 0.0, 825.44
-1379.32, 0.0, 594.12
-1275.28, 0.0, 757.12
-1262.52, 0.0, 1186.04
-1224.56, 0.0, 751.96
-1167.88, 0.0, 872.92
-1043.36, 0.0, 1154.28
-1051.2, 0.0, 1175.12
-674.08, 0.0, 1088.6
-228.16, 0.0, 789.92
372.52, 0.0, 804.32
657.84, 0.0, 1001.84
683.16, 0.0, 764.84
614.72, 0.0, 881.72
76.96, 0.0, 945.24
-275.48, 0.0, 948.76
-791.96, 0.0, 831.48
-895.72, 0.0, 856.64
-1032.72, 0.0, 751.0
-586.28, 0.0, 841.92
-605.0, 0.0, 752.6
-428.2, 0.0, 782.24
-345.68, 0.0, 823.88
263.96, 0.0, 638.64
1491.96, 0.0, 585.32
1731.88, 0.0, 743.08
1798.96, 0.0, 721.08
2466.36, 0.0, 748.68
1789.16, 0.0, 769.88
1581.8, 0.0, 801.92
1474.16, 0.0, 775.52
2126.32, 0.0, 952.56
3530.68, 0.0, 892.28
3902.04, 0.0, 859.84
4304.8, 0.0, 836.52
3636.56, 0.0, 818.08
446.8, 0.0, 804.4
866.6, 0.0, 737.04
1544.4, 0.0, 734.32
2240.88, 0.0, 496.68
2986.2, 0.0, 509.72
2699.96, 0.0, 526.32
2149.84, 0.0, 368.48
855.12, 0.0, 408.08
-276.56, 0.0, 586.16
-2479.8, 0.0, 556.48
-2929.72, 0.0, 314.12
-2613.84, 0.0, 711.04
-87.68, 0.0, 589.44
-188.24, 0.0, 375.76
-2022.68, 0.0, 650.88
-3039.04, 0.0, 747.08
-3208.4, 0.0, 654.56
-2602.12, 0.0, 551.72
-1719.72, 0.0, 638.08
-194.28, 0.0, 601.6
518.84, 0.0, 780.16
392.8, 0.0, 474.44
-1252.8, 0.0, 239.68
-2529.72, 0.0, 670.08
-2712.96, 0.0, 751.32
-2711.48, 0.0, 759.4
47.32, 0.0, 600.4
-1500.12, 0.0, 704.28
-2595.76, 0.0, 479.92
-2959.36, 0.0, 687.8
-2665.04, 0.0, 789.72
-2507.32, 0.0, 662.44
-2381.24, 0.0, 720.12
-2329.32, 0.0, 666.88
-1973.12, 0.0, 845.72
-1359.6, 0.0, 680.84
674.68, 0.0, 977.8
-950.76, 0.0, 647.12
-2006.92, 0.0, 604.8
-2279.96, 0.0, 690.48
-1939.16, 0.0, 770.84
-1824.8, 0.0, 770.92
-1706.36, 0.0, 457.64
-1548.96, 0.0, 802.92
-1061.24, 0.0, 667.96
1068.88, 0.0, 568.32
1117.48, 0.0, 502.52
-188.64, 0.0, 872.4
-1144.8, 0.0, 600.16
-1313.6, 0.0, 506.56
-1297.28, 0.0, 732.2
-1150.2, 0.0, 697.68
-912.2, 0.0, 695.32
-803.16, 0.0, 841.88
656.16, 0.0, 679.64
1364.64, 0.0, 728.2
1249.88, 0.0, 739.36
1623.36, 0.0, 958.92
1937.52, 0.0, 855.28
2069.76, 0.0, 857.72
2088.52, 0.0, 707.36
2434.72, 0.0, 908.48
2608.72, 0.0, 855.28
1748.48, 0.0, 714.12
1265.6, 0.0, 553.24
528.64, 0.0, 847.8
228.88, 0.0, 605.52
246.96, 0.0, 410.0
631.68, 0.0, 512.16
543.2, 0.0, 391.68
645.96, 0.0, 240.64
732.84, 0.0, 475.44
-1691.72, 0.0, 265.96
-2758.84, 0.0, 111.12
-1542.28, 0.0, 344.88
214.4, 0.0, 383.76
-78.36, 0.0, 549.56
-2537.16, 0.0, 623.32
-3544.88, 0.0, 685.0
-3240.96, 0.0, 839.36
-3394.88, 0.0, 920.48
-3554.56, 0.0, 1121.72
-3333.56, 0.0, 885.96
-1329.6, 0.0, 857.76
-2268.12, 0.0, 892.68
-3664.0, 0.0, 807.64
-3838.24, 0.0, 595.76
-4083.76, 0.0, 663.84
-3624.24, 0.0, 792.52
-3349.8, 0.0, 711.96
-3138.8, 0.0, 854.04
-3191.32, 0.0, 517.56
-1316.68, 0.0, 941.76
-13.12, 0.0, 697.12
-153.08, 0.0, 769.92
1671.56, 0.0, 689.16
2848.32, 0.0, 713.32
3933.48, 0.0, 782.96
3950.16, 0.0, 743.12
3277.64, 0.0, 553.64
3118.84, 0.0, 873.0
3469.0, 0.0, 784.56
2437.56, 0.0, 618.2
1316.76, 0.0, 790.36
831.12, 0.0, 647.04
227.68, 0.0, 1138.2
421.8, 0.0, 439.0
-1105.12, 0.0, 927.28
-2315.6, 0.0, 897.28
-2600.4, 0.0, 932.0
-2756.96, 0.0, 653.92
-2262.12, 0.0, 654.0
572.96, 0.0, 951.48
1137.6, 0.0, 735.24
1419.72, 0.0, 640.72
1403.12, 0.0, 841.0
1182.68, 0.0, 827.52
1086.04, 0.0, 722.12
1883.84, 0.0, 695.24
3875.56, 0.0, 767.56
2650.52, 0.0, 641.16
1956.04, 0.0, 644.12
1003.6, 0.0, 767.4
453.08, 0.0, 802.12
817.6, 0.0, 669.2
1234.2, 0.0, 614.92
1586.92, 0.0, 817.72
1359.8, 0.0, 707.84
1722.04, 0.0, 922.16
1206.56, 0.0, 779.44
1982.8, 0.0, 551.6
1398.08, 0.0, 552.88
539.8, 0.0, 359.28
375.44, 0.0, 486.8
-88.88, 0.0, 471.32
-474.8, 0.0, 717.48
-591.28, 0.0, 475.8
-853.52, 0.0, 558.68
-1320.04, 0.0, 790.56
-1488.52, 0.0, 659.12
-2213.08, 0.0, 648.24
-1971.12, 0.0, 461.04
-2162.64, 0.0, 464.36
-2375.44, 0.0, 820.96
-2171.28, 0.0, 749.32
-104.24, 0.0, 342.64
-1104.6, 0.0, 607.36
-2864.28, 0.0, 775.04
-3969.68, 0.0, 794.0
-4166.32, 0.0, 718.44
-3915.8, 0.0, 776.44
-2602.96, 0.0, 761.92
-574.08, 0.0, 762.16
-2487.44, 0.0, 730.72
-3239.72, 0.0, 835.8
-3428.88, 0.0, 608.68
-3152.8, 0.0, 846.64
-1475.24, 0.0, 646.16
-915.04, 0.0, 791.32
-935.36, 0.0, 901.84
1283.48, 0.0, 802.76
1819.56, 0.0, 776.84
2855.32, 0.0, 918.2
3797.12, 0.0, 1064.64
3942.56, 0.0, 1054.28
3699.48, 0.0, 1052.48
3526.56, 0.0, 1216.76
2798.76, 0.0, 1335.76
2311.32, 0.0, 1098.76
1495.12, 0.0, 1256.8
32.52, 0.0, 1297.2
-195.8, 0.0, 1050.52
433.16, 0.0, 872.56
660.44, 0.0, 921.04
-308.0, 0.0, 1013.4
-2240.88, 0.0, 932.44
-3002.32, 0.0, 823.76
-3705.96, 0.0, 955.16
-4091.88, 0.0, 972.12
-4647.44, 0.0, 779.68
-4929.72, 0.0, 914.84
-4953.28, 0.0, 898.24
-4619.48, 0.0, 669.36
-1179.68, 0.0, 876.32
-3146.36, 0.0, 975.44
-3961.84, 0.0, 624.08
-4108.64, 0.0, 925.64
-4323.28, 0.0, 776.2
-4175.36, 0.0, 716.04
-4142.2, 0.0, 383.24
-4035.96, 0.0, 667.72
-3688.76, 0.0, 714.56
-200.76, 0.0, 682.84
2392.2, 0.0, 949.72
3441.0, 0.0, 1234.96
3276.4, 0.0, 1203.32
3123.2, 0.0, 970.04
3332.04, 0.0, 785.2
3255.56, 0.0, 771.52
2241.56, 0.0, 729.08
1786.2, 0.0, 609.0
1244.8, 0.0, 858.32
-230.92, 0.0, 989.2
-826.32, 0.0, 678.0
-911.08, 0.0, 952.52
-788.44, 0.0, 893.76
406.4, 0.0, 714.0
806.2, 0.0, 945.6
670.96, 0.0, 844.12
-166.84, 0.0, 1013.88
-1025.56, 0.0, 869.4
-1346.16, 0.0, 849.64
-1615.24, 0.0, 734.92
-2063.56, 0.0, 898.68
-1083.48, 0.0, 711.48
1525.6, 0.0, 782.92
1492.08, 0.0, 762.88
1987.08, 0.0, 865.36
3372.8, 0.0, 615.88
3982.08, 0.0, 588.44
4060.68, 0.0, 783.36
3548.76, 0.0, 785.6
2756.52, 0.0, 713.4
1468.56, 0.0, 706.12
657.32, 0.0, 574.84
1051.76, 0.0, 336.44
-108.92, 0.0, 381.16
-1228.84, 0.0, 199.92
-1577.72, 0.0, 283.72
-2158.72, 0.0, 411.84
-2675.2, 0.0, 236.92
-2694.76, 0.0, 436.76
-2747.08, 0.0, 669.36
-2188.92, 0.0, 801.56
152.0, 0.0, 827.32
380.08, 0.0, 927.24
-2144.04, 0.0, 892.92
-3048.28, 0.0, 871.68
-3015.96, 0.0, 951.68
-129.56, 0.0, 891.84
6316.12, 0.0, 746.6
9211.24, 0.0, 865.0
9397.64, 0.0, 864.0
1567.96, 0.0, 679.44
529.16, 0.0, 738.84
-707.0, 0.0, 1080.12
-2292.64, 0.0, 757.2
-2770.6, 0.0, 698.68
-3338.24, 0.0, 802.04
-3498.92, 0.0, 803.76
-3967.44, 0.0, 788.96
-2709.04, 0.0, 1051.76
167.8, 0.0, 1008.52
-1489.72, 0.0, 829.36
-1542.76, 0.0, 868.0
-1590.16, 0.0, 979.72
-1383.8, 0.0, 842.92
1531.08, 0.0, 1054.84
2054.88, 0.0, 973.12
5938.84, 0.0, 1008.92
7115.04, 0.0, 837.32
5539.52, 0.0, 984.52
3434.84, 0.0, 911.2
1265.16, 0.0, 797.84
2119.8, 0.0, 720.08
650.52, 0.0, 804.88
-515.88, 0.0, 934.0
-2406.88, 0.0, 940.4
-2009.64, 0.0, 842.56
-2371.36, 0.0, 995.12
45.36, 0.0, 886.92
208.36, 0.0, 739.4
350.8, 0.0, 1287.28
698.6, 0.0, 960.28
2041.36, 0.0, 747.28
2327.96, 0.0, 1058.4
2276.68, 0.0, 959.04
4004.36, 0.0, 213.76
2783.68, 0.0, 379.68
1855.32, 0.0, 299.68
2156.52, 0.0, 221.56
1849.32, 0.0, 445.0
1378.52, 0.0, 349.0
1004.08, 0.0, -383.0
1720.68, 0.0, 879.28
1360.8, 0.0, 1909.04
581.84, 0.0, 1545.6
-446.28, 0.0, -736.72
-373.96, 0.0, -180.76
-49.48, 0.0, -144.24
-224.6, 0.0, 528.0
488.24, 0.0, 445.6
254.76, 0.0, 4404.72
81.68, 0.0, 6740.6
184.72, 0.0, 6498.64
186.04, 0.0, 6590.16
160.92, 0.0, 6507.88
241.36, 0.0, 6615.28
226.64, 0.0, 6658.64
218.52, 0.0, 6637.16
221.24, 0.0, 6636.84
219.08, 0.0, 6631.8
217.76, 0.0, 6625.24
221.2, 0.0, 6631.24
219.68, 0.0, 6631.28
222.12, 0.0, 6631.44
216.48, 0.0, 6626.52
216.0, 0.0, 6632.28
213.8, 0.0, 6640.28
218.6, 0.0, 6631.6
216.52, 0.0, 6639.04
218.48, 0.0, 6631.32
223.48, 0.0, 6641.24
220.08, 0.0, 6632.68
218.92, 0.0, 6634.76
220.04, 0.0, 6639.32
243.68, 0.0, 6668.76
215.44, 0.0, 6629.48
215.12, 0.0, 6637.68
228.76, 0.0, 6643.4
229.92, 0.0, 6644.96
216.0, 0.0, 6644.32
220.92, 0.0, 6636.84
221.52, 0.0, 6644.96
207.96, 0.0, 6609.6
238.52, 0.0, 6656.76
215.84, 0.0, 6630.56
221.56, 0.0, 6641.28
219.96, 0.0, 6638.6
222.96, 0.0, 6638.48
221.64, 0.0, 6644.12
214.4, 0.0, 6634.96
220.44, 0.0, 6639.96
217.48, 0.0, 6641.04
219.64, 0.0, 6627.76
220.24, 0.0, 6636.44
218.32, 0.0, 6640.92
220.8, 0.0, 6640.92
220.12, 0.0, 6630.76
224.92, 0.0, 6634.0
218.76, 0.0, 6631.44
216.6, 0.0, 6633.6
218.6, 0.0, 6643.28
224.0, 0.0, 6642.84
227.68, 0.0, 6639.96
213.36, 0.0, 6640.4
220.4, 0.0, 6641.68
220.68, 0.0, 6640.4
220.48, 0.0, 6639.72
214.0, 0.0, 6643.08
217.04, 0.0, 6640.24
218.04, 0.0, 6637.56
215.52, 0.0, 6638.48
215.24, 0.0, 6638.48
218.24, 0.0, 6640.2
215.76, 0.0, 6641.56
218.92, 0.0, 6635.96
214.44, 0.0, 6637.6
223.52, 0.0, 6634.0
215.16, 0.0, 6639.24
220.04, 0.0, 6641.48
218.6, 0.0, 6635.24
211.52, 0.0, 6641.84
218.4, 0.0, 6633.28
221.92, 0.0, 6634.84
222.36, 0.0, 6634.8
212.12, 0.0, 6635.2
211.12, 0.0, 6636.8
222.84, 0.0, 6636.76
218.6, 0.0, 6644.4
223.6, 0.0, 6637.36
224.28, 0.0, 6635.28
225.36, 0.0, 6627.8
216.88, 0.0, 6632.52
224.88, 0.0, 6634.04
219.32, 0.0, 6632.44
219.0, 0.0, 6639.84
219.48, 0.0, 6637.36
217.44, 0.0, 6640.2
221.08, 0.0, 6634.6
211.6, 0.0, 6626.76
218.68, 0.0, 6629.76
222.36, 0.0, 6639.12
225.32, 0.0, 6649.36
219.68, 0.0, 6627.6
219.12, 0.0, 6636.0
219.64, 0.0, 6636.04
217.12, 0.0, 6628.28
225.56, 0.0, 6635.2
218.56, 0.0, 6639.44
221.8, 0.0, 6634.68
219.8, 0.0, 6643.32
216.24, 0.0, 6641.32
219.08, 0.0, 6634.0
215.44, 0.0, 6637.68
213.36, 0.0, 6636.72
220.84, 0.0, 6639.36
220.84, 0.0, 6633.72
221.48, 0.0, 6631.68
224.96, 0.0, 6636.88
219.8, 0.0, 6641.08
222.6, 0.0, 6635.88
220.76, 0.0, 6629.32
221.8, 0.0, 6635.84
218.6, 0.0, 6637.68
224.68, 0.0, 6638.68
215.68, 0.0, 6636.76
218.44, 0.0, 6640.32
219.56, 0.0, 6640.68
220.4, 0.0, 6638.32
215.56, 0.0, 6634.32
218.2, 0.0, 6632.2
214.84, 0.0, 6643.96
215.48, 0.0, 6635.04
229.36, 0.0, 6635.04
223.88, 0.0, 6642.88
220.96, 0.0, 6652.04
220.24, 0.0, 6635.92
223.88, 0.0, 6640.56
213.68, 0.0, 6637.24
219.08, 0.0, 6643.52
218.92, 0.0, 6649.48
220.6, 0.0, 6640.56
216.72, 0.0, 6640.12
214.88, 0.0, 6634.64
220.44, 0.0, 6634.44
220.16, 0.0, 6640.92
226.36, 0.0, 6636.64
220.72, 0.0, 6634.88
222.88, 0.0, 6642.04
226.12, 0.0, 6641.84
218.84, 0.0, 6643.28
223.12, 0.0, 6640.2
215.08, 0.0, 6641.04
217.76, 0.0, 6647.76
225.04, 0.0, 6644.24
227.08, 0.0, 6643.0
220.28, 0.0, 6641.2
219.72, 0.0, 6638.32
219.4, 0.0, 6637.32
215.72, 0.0, 6643.08
221.8, 0.0, 6641.52
213.84, 0.0, 6642.96
217.0, 0.0, 6645.76
221.04, 0.0, 6646.72
219.56, 0.0, 6643.08
214.64, 0.0, 6636.2
218.88, 0.0, 6638.6
220.12, 0.0, 6639.4
218.64, 0.0, 6638.76
216.96, 0.0, 6645.12
225.4, 0.0, 6641.96
219.6, 0.0, 6643.04
220.76, 0.0, 6643.4
222.84, 0.0, 6636.44
152.52, 0.0, 4639.08
